service_id,monday,tuesday,wednesday,thursday,friday,saturday,sunday,start_date,end_date
3201_20260419,0,0,0,0,0,0,0,20260419,20260523
515_20260419,0,0,0,0,0,0,0,20260419,20260523
402_20260419,0,0,0,0,0,0,0,20260419,20260523
412_4_20260419,0,0,0,0,0,0,0,20260419,20260523
1052_1_20260419,0,0,0,0,0,0,0,20260419,20260523
8062_1_20260419,0,0,0,0,0,0,0,20260419,20260523
309_8_20260419,0,0,0,0,0,0,0,20260419,20260523
401_3_20260419,0,0,0,0,0,0,0,20260419,20260523
316_6_20260419,0,0,0,0,0,0,0,20260419,20260523
109_2_20260419,0,0,0,0,0,0,0,20260419,20260523
601_2_20260419,0,0,0,0,0,0,0,20260419,20260523
425_20260419,0,0,0,0,0,0,0,20260419,20260523
406_5_20260419,0,0,0,0,0,0,0,20260419,20260523
3271_1_20260419,0,0,0,0,0,0,0,20260419,20260523
3041_1_20260419,0,0,0,0,0,0,0,20260419,20260523
44_2_20260419,0,0,0,0,0,0,0,20260419,20260523
412_7_20260419,0,0,0,0,0,0,0,20260419,20260523
404_1_20260419,0,0,0,0,0,0,0,20260419,20260523
19_20260419,0,0,0,0,0,0,0,20260419,20260523
Rail BRT - Sun Full (HVL)_20260419,0,0,0,0,0,0,0,20260419,20260523
2041_1_20260419,0,0,0,0,0,0,0,20260419,20260523
8051_1_20260419,0,0,0,0,0,0,0,20260419,20260523
2031_1_20260419,0,0,0,0,0,0,0,20260419,20260523
105_4_20260419,0,0,0,0,0,0,0,20260419,20260523
22_5_20260419,0,0,0,0,0,0,0,20260419,20260523
36_3_20260419,0,0,0,0,0,0,0,20260419,20260523
3231_3_20260419,0,0,0,0,0,0,0,20260419,20260523
419_20260419,0,0,0,0,0,0,0,20260419,20260523
Rail BRT - Sun Full (KPN)_20260419,0,0,0,0,0,0,0,20260419,20260523
506_20260419,0,0,0,0,0,0,0,20260419,20260523
104_3_20260419,0,0,0,0,0,0,0,20260419,20260523
CCL MTuWThF-XHol_20260419,0,0,0,0,0,0,0,20260419,20260523
45_2_20260419,0,0,0,0,0,0,0,20260419,20260523
432_20260419,0,0,0,0,0,0,0,20260419,20260523
19_1_20260419,0,0,0,0,0,0,0,20260419,20260523
8101_1_20260419,0,0,0,0,0,0,0,20260419,20260523
136_20260419,0,0,0,0,0,0,0,20260419,20260523
5021_1_20260419,0,0,0,0,0,0,0,20260419,20260523
7042_1_20260419,0,0,0,0,0,0,0,20260419,20260523
109_1_20260419,0,0,0,0,0,0,0,20260419,20260523
517_20260419,0,0,0,0,0,0,0,20260419,20260523
115_4_20260419,0,0,0,0,0,0,0,20260419,20260523
2081_1_20260419,0,0,0,0,0,0,0,20260419,20260523
218_2_20260419,0,0,0,0,0,0,0,20260419,20260523
513_20260419,0,0,0,0,0,0,0,20260419,20260523
8021_1_20260419,0,0,0,0,0,0,0,20260419,20260523
6012_1_20260419,0,0,0,0,0,0,0,20260419,20260523
212_20260419,0,0,0,0,0,0,0,20260419,20260523
514_3_20260419,0,0,0,0,0,0,0,20260419,20260523
4022_1_20260419,0,0,0,0,0,0,0,20260419,20260523
3_5_20260419,0,0,0,0,0,0,0,20260419,20260523
6102_1_20260419,0,0,0,0,0,0,0,20260419,20260523
4117_1_20260419,0,0,0,0,0,0,0,20260419,20260523
602_1_20260419,0,0,0,0,0,0,0,20260419,20260523
503_1_20260419,0,0,0,0,0,0,0,20260419,20260523
55_20260419,0,0,0,0,0,0,0,20260419,20260523
105_1_20260419,0,0,0,0,0,0,0,20260419,20260523
404_2_20260419,0,0,0,0,0,0,0,20260419,20260523
323_20260419,0,0,0,0,0,0,0,20260419,20260523
603_6_20260419,0,0,0,0,0,0,0,20260419,20260523
6052_1_20260419,0,0,0,0,0,0,0,20260419,20260523
605_1_20260419,0,0,0,0,0,0,0,20260419,20260523
410_1_20260419,0,0,0,0,0,0,0,20260419,20260523
3071_1_20260419,0,0,0,0,0,0,0,20260419,20260523
306_5_20260419,0,0,0,0,0,0,0,20260419,20260523
119_1_20260419,0,0,0,0,0,0,0,20260419,20260523
Rail MTuWThF-XHol_20260419,0,0,0,0,0,0,0,20260419,20260523
Rail BRT - Sun PM (WLG-PAE)_20260419,0,0,0,0,0,0,0,20260419,20260523
207_5_20260419,0,0,0,0,0,0,0,20260419,20260523
4062_1_20260419,0,0,0,0,0,0,0,20260419,20260523
310_2_20260419,0,0,0,0,0,0,0,20260419,20260523
Rail BRT - Weekday PM (WEL-PET) (HVL)_20260419,0,0,0,0,0,0,0,20260419,20260523
29_5_20260419,0,0,0,0,0,0,0,20260419,20260523
4041_1_20260419,0,0,0,0,0,0,0,20260419,20260523
613_20260419,0,0,0,0,0,0,0,20260419,20260523
4021_2_20260419,0,0,0,0,0,0,0,20260419,20260523
216_1_20260419,0,0,0,0,0,0,0,20260419,20260523
67_20260419,0,0,0,0,0,0,0,20260419,20260523
8032_1_20260419,0,0,0,0,0,0,0,20260419,20260523
7092_1_20260419,0,0,0,0,0,0,0,20260419,20260523
1002_2_20260419,0,0,0,0,0,0,0,20260419,20260523
25_1_20260419,0,0,0,0,0,0,0,20260419,20260523
4028_1_20260419,0,0,0,0,0,0,0,20260419,20260523
75_20260419,0,0,0,0,0,0,0,20260419,20260523
415_20260419,0,0,0,0,0,0,0,20260419,20260523
215_5_20260419,0,0,0,0,0,0,0,20260419,20260523
203_20260419,0,0,0,0,0,0,0,20260419,20260523
33_3_20260419,0,0,0,0,0,0,0,20260419,20260523
Rail BRT - Sun Full (JVL)_20260419,0,0,0,0,0,0,0,20260419,20260523
404_20260419,0,0,0,0,0,0,0,20260419,20260523
233_20260419,0,0,0,0,0,0,0,20260419,20260523
310_3_20260419,0,0,0,0,0,0,0,20260419,20260523
302_4_20260419,0,0,0,0,0,0,0,20260419,20260523
610_1_20260419,0,0,0,0,0,0,0,20260419,20260523
8_1_20260419,0,0,0,0,0,0,0,20260419,20260523
2082_1_20260419,0,0,0,0,0,0,0,20260419,20260523
520_1_20260419,0,0,0,0,0,0,0,20260419,20260523
304_7_20260419,0,0,0,0,0,0,0,20260419,20260523
61_20260419,0,0,0,0,0,0,0,20260419,20260523
8091_1_20260419,0,0,0,0,0,0,0,20260419,20260523
8052_1_20260419,0,0,0,0,0,0,0,20260419,20260523
208_20260419,0,0,0,0,0,0,0,20260419,20260523
112_1_20260419,0,0,0,0,0,0,0,20260419,20260523
4030_1_20260419,0,0,0,0,0,0,0,20260419,20260523
302_5_20260419,0,0,0,0,0,0,0,20260419,20260523
528_3_20260419,0,0,0,0,0,0,0,20260419,20260523
308_10_20260419,0,0,0,0,0,0,0,20260419,20260523
614_20260419,0,0,0,0,0,0,0,20260419,20260523
309_4_20260419,0,0,0,0,0,0,0,20260419,20260523
5022_1_20260419,0,0,0,0,0,0,0,20260419,20260523
1012_1_20260419,0,0,0,0,0,0,0,20260419,20260523
3171_1_20260419,0,0,0,0,0,0,0,20260419,20260523
46_2_20260419,0,0,0,0,0,0,0,20260419,20260523
306_4_20260419,0,0,0,0,0,0,0,20260419,20260523
326_20260419,0,0,0,0,0,0,0,20260419,20260523
439_1_20260419,0,0,0,0,0,0,0,20260419,20260523
118_3_20260419,0,0,0,0,0,0,0,20260419,20260523
13_5_20260419,0,0,0,0,0,0,0,20260419,20260523
209_1_20260419,0,0,0,0,0,0,0,20260419,20260523
311_20260419,0,0,0,0,0,0,0,20260419,20260523
20_2_20260419,0,0,0,0,0,0,0,20260419,20260523
104_20260419,0,0,0,0,0,0,0,20260419,20260523
304_8_20260419,0,0,0,0,0,0,0,20260419,20260523
7011_1_20260419,0,0,0,0,0,0,0,20260419,20260523
111_8_20260419,0,0,0,0,0,0,0,20260419,20260523
1011_1_20260419,0,0,0,0,0,0,0,20260419,20260523
311_1_20260419,0,0,0,0,0,0,0,20260419,20260523
3121_1_20260419,0,0,0,0,0,0,0,20260419,20260523
2102_1_20260419,0,0,0,0,0,0,0,20260419,20260523
4035_1_20260419,0,0,0,0,0,0,0,20260419,20260523
3101_20260419,0,0,0,0,0,0,0,20260419,20260523
32_2_20260419,0,0,0,0,0,0,0,20260419,20260523
4010_1_20260419,0,0,0,0,0,0,0,20260419,20260523
119_20260419,0,0,0,0,0,0,0,20260419,20260523
302_8_20260419,0,0,0,0,0,0,0,20260419,20260523
4032_1_20260419,0,0,0,0,0,0,0,20260419,20260523
86_1_20260419,0,0,0,0,0,0,0,20260419,20260523
319_20260419,0,0,0,0,0,0,0,20260419,20260523
2112_1_20260419,0,0,0,0,0,0,0,20260419,20260523
3152_1_20260419,0,0,0,0,0,0,0,20260419,20260523
41_2_20260419,0,0,0,0,0,0,0,20260419,20260523
304_2_20260419,0,0,0,0,0,0,0,20260419,20260523
308_5_20260419,0,0,0,0,0,0,0,20260419,20260523
102_20260419,0,0,0,0,0,0,0,20260419,20260523
210_1_20260419,0,0,0,0,0,0,0,20260419,20260523
95_1_20260419,0,0,0,0,0,0,0,20260419,20260523
106_20260419,0,0,0,0,0,0,0,20260419,20260523
106_2_20260419,0,0,0,0,0,0,0,20260419,20260523
1_7_20260419,0,0,0,0,0,0,0,20260419,20260523
524_1_20260419,0,0,0,0,0,0,0,20260419,20260523
Rail BRT - Weekday PM (WLG-PAE)_20260419,0,0,0,0,0,0,0,20260419,20260523
33_1_20260419,0,0,0,0,0,0,0,20260419,20260523
426_20260419,0,0,0,0,0,0,0,20260419,20260523
21_5_20260419,0,0,0,0,0,0,0,20260419,20260523
227_20260419,0,0,0,0,0,0,0,20260419,20260523
709_1_20260419,0,0,0,0,0,0,0,20260419,20260523
48_1_20260419,0,0,0,0,0,0,0,20260419,20260523
45_5_20260419,0,0,0,0,0,0,0,20260419,20260523
106_3_20260419,0,0,0,0,0,0,0,20260419,20260523
3042_20260419,0,0,0,0,0,0,0,20260419,20260523
4054_1_20260419,0,0,0,0,0,0,0,20260419,20260523
108_3_20260419,0,0,0,0,0,0,0,20260419,20260523
35_20260419,0,0,0,0,0,0,0,20260419,20260523
4061_1_20260419,0,0,0,0,0,0,0,20260419,20260523
215_4_20260419,0,0,0,0,0,0,0,20260419,20260523
201_20260419,0,0,0,0,0,0,0,20260419,20260523
502_3_20260419,0,0,0,0,0,0,0,20260419,20260523
313_1_20260419,0,0,0,0,0,0,0,20260419,20260523
8031_3_20260419,0,0,0,0,0,0,0,20260419,20260523
16_2_20260419,0,0,0,0,0,0,0,20260419,20260523
201_4_20260419,0,0,0,0,0,0,0,20260419,20260523
407_3_20260419,0,0,0,0,0,0,0,20260419,20260523
104_4_20260419,0,0,0,0,0,0,0,20260419,20260523
312_5_20260419,0,0,0,0,0,0,0,20260419,20260523
1061_1_20260419,0,0,0,0,0,0,0,20260419,20260523
15_5_20260419,0,0,0,0,0,0,0,20260419,20260523
109_3_20260419,0,0,0,0,0,0,0,20260419,20260523
2131_1_20260419,0,0,0,0,0,0,0,20260419,20260523
6061_1_20260419,0,0,0,0,0,0,0,20260419,20260523
4066_1_20260419,0,0,0,0,0,0,0,20260419,20260523
3142_1_20260419,0,0,0,0,0,0,0,20260419,20260523
310_11_20260419,0,0,0,0,0,0,0,20260419,20260523
43_1_20260419,0,0,0,0,0,0,0,20260419,20260523
76_1_20260419,0,0,0,0,0,0,0,20260419,20260523
7_1_20260419,0,0,0,0,0,0,0,20260419,20260523
402_1_20260419,0,0,0,0,0,0,0,20260419,20260523
405_20260419,0,0,0,0,0,0,0,20260419,20260523
513_1_20260419,0,0,0,0,0,0,0,20260419,20260523
713_1_20260419,0,0,0,0,0,0,0,20260419,20260523
501_2_20260419,0,0,0,0,0,0,0,20260419,20260523
2032_1_20260419,0,0,0,0,0,0,0,20260419,20260523
718_1_20260419,0,0,0,0,0,0,0,20260419,20260523
48_5_20260419,0,0,0,0,0,0,0,20260419,20260523
22_2_20260419,0,0,0,0,0,0,0,20260419,20260523
Rail BRT - Sun+Hol (WEL-PET) (HVL)_20260419,0,0,0,0,0,0,0,20260419,20260523
4075_1_20260419,0,0,0,0,0,0,0,20260419,20260523
Rail BRT - Sun Full (KPT)_20260419,0,0,0,0,0,0,0,20260419,20260523
6072_1_20260419,0,0,0,0,0,0,0,20260419,20260523
710_1_20260419,0,0,0,0,0,0,0,20260419,20260523
3141_1_20260419,0,0,0,0,0,0,0,20260419,20260523
4052_1_20260419,0,0,0,0,0,0,0,20260419,20260523
114_2_20260419,0,0,0,0,0,0,0,20260419,20260523
71_1_20260419,0,0,0,0,0,0,0,20260419,20260523
4085_1_20260419,0,0,0,0,0,0,0,20260419,20260523
224_20260419,0,0,0,0,0,0,0,20260419,20260523
104_2_20260419,0,0,0,0,0,0,0,20260419,20260523
110_1_20260419,0,0,0,0,0,0,0,20260419,20260523
611_2_20260419,0,0,0,0,0,0,0,20260419,20260523
208_1_20260419,0,0,0,0,0,0,0,20260419,20260523
5_5_20260419,0,0,0,0,0,0,0,20260419,20260523
144_20260419,0,0,0,0,0,0,0,20260419,20260523
8012_1_20260419,0,0,0,0,0,0,0,20260419,20260523
1001_20260419,0,0,0,0,0,0,0,20260419,20260523
103_5_20260419,0,0,0,0,0,0,0,20260419,20260523
5012_1_20260419,0,0,0,0,0,0,0,20260419,20260523
213_3_20260419,0,0,0,0,0,0,0,20260419,20260523
TuTh-XHol_20260419,0,0,0,0,0,0,0,20260419,20260523
750_1_20260419,0,0,0,0,0,0,0,20260419,20260523
212_3_20260419,0,0,0,0,0,0,0,20260419,20260523
9_5_20260419,0,0,0,0,0,0,0,20260419,20260523
31_2_20260419,0,0,0,0,0,0,0,20260419,20260523
14_5_20260419,0,0,0,0,0,0,0,20260419,20260523
504_2_20260419,0,0,0,0,0,0,0,20260419,20260523
409_2_20260419,0,0,0,0,0,0,0,20260419,20260523
307_2_20260419,0,0,0,0,0,0,0,20260419,20260523
437_20260419,0,0,0,0,0,0,0,20260419,20260523
207_1_20260419,0,0,0,0,0,0,0,20260419,20260523
6161_1_20260419,0,0,0,0,0,0,0,20260419,20260523
30_3_20260419,0,0,0,0,0,0,0,20260419,20260523
218_1_20260419,0,0,0,0,0,0,0,20260419,20260523
201_2_20260419,0,0,0,0,0,0,0,20260419,20260523
603_20260419,0,0,0,0,0,0,0,20260419,20260523
5032_1_20260419,0,0,0,0,0,0,0,20260419,20260523
213_20260419,0,0,0,0,0,0,0,20260419,20260523
101_2_20260419,0,0,0,0,0,0,0,20260419,20260523
5042_1_20260419,0,0,0,0,0,0,0,20260419,20260523
149_20260419,0,0,0,0,0,0,0,20260419,20260523
120_20260419,0,0,0,0,0,0,0,20260419,20260523
324_2_20260419,0,0,0,0,0,0,0,20260419,20260523
201_1_20260419,0,0,0,0,0,0,0,20260419,20260523
6081_1_20260419,0,0,0,0,0,0,0,20260419,20260523
405_1_20260419,0,0,0,0,0,0,0,20260419,20260523
3_4_20260419,0,0,0,0,0,0,0,20260419,20260523
4001_1_20260419,0,0,0,0,0,0,0,20260419,20260523
Rail BRT - Weekday PM (WLG-POR)_20260419,0,0,0,0,0,0,0,20260419,20260523
408_20260419,0,0,0,0,0,0,0,20260419,20260523
8_3_20260419,0,0,0,0,0,0,0,20260419,20260523
91_2_20260419,0,0,0,0,0,0,0,20260419,20260523
205_6_20260419,0,0,0,0,0,0,0,20260419,20260523
605_3_20260419,0,0,0,0,0,0,0,20260419,20260523
3051_1_20260419,0,0,0,0,0,0,0,20260419,20260523
209_20260419,0,0,0,0,0,0,0,20260419,20260523
6043_1_20260419,0,0,0,0,0,0,0,20260419,20260523
213_1_20260419,0,0,0,0,0,0,0,20260419,20260523
97_1_20260419,0,0,0,0,0,0,0,20260419,20260523
68_20260419,0,0,0,0,0,0,0,20260419,20260523
105_5_20260419,0,0,0,0,0,0,0,20260419,20260523
10_1_20260419,0,0,0,0,0,0,0,20260419,20260523
305_9_20260419,0,0,0,0,0,0,0,20260419,20260523
105_2_20260419,0,0,0,0,0,0,0,20260419,20260523
4_5_20260419,0,0,0,0,0,0,0,20260419,20260523
3161_1_20260419,0,0,0,0,0,0,0,20260419,20260523
527_20260419,0,0,0,0,0,0,0,20260419,20260523
31_20260419,0,0,0,0,0,0,0,20260419,20260523
4082_1_20260419,0,0,0,0,0,0,0,20260419,20260523
304_15_20260419,0,0,0,0,0,0,0,20260419,20260523
24_2_20260419,0,0,0,0,0,0,0,20260419,20260523
10_2_20260419,0,0,0,0,0,0,0,20260419,20260523
511_1_20260419,0,0,0,0,0,0,0,20260419,20260523
76_2_20260419,0,0,0,0,0,0,0,20260419,20260523
210_2_20260419,0,0,0,0,0,0,0,20260419,20260523
302_2_20260419,0,0,0,0,0,0,0,20260419,20260523
1032_1_20260419,0,0,0,0,0,0,0,20260419,20260523
116_2_20260419,0,0,0,0,0,0,0,20260419,20260523
318_1_20260419,0,0,0,0,0,0,0,20260419,20260523
322_3_20260419,0,0,0,0,0,0,0,20260419,20260523
EBW MTuWThF-XHol_20260419,0,0,0,0,0,0,0,20260419,20260523
63_1_20260419,0,0,0,0,0,0,0,20260419,20260523
3172_20260419,0,0,0,0,0,0,0,20260419,20260523
403_2_20260419,0,0,0,0,0,0,0,20260419,20260523
603_2_20260419,0,0,0,0,0,0,0,20260419,20260523
8072_1_20260419,0,0,0,0,0,0,0,20260419,20260523
217_3_20260419,0,0,0,0,0,0,0,20260419,20260523
66_20260419,0,0,0,0,0,0,0,20260419,20260523
114_3_20260419,0,0,0,0,0,0,0,20260419,20260523
705_1_20260419,0,0,0,0,0,0,0,20260419,20260523
60_1_20260419,0,0,0,0,0,0,0,20260419,20260523
50_1_20260419,0,0,0,0,0,0,0,20260419,20260523
2091_1_20260419,0,0,0,0,0,0,0,20260419,20260523
115_1_20260419,0,0,0,0,0,0,0,20260419,20260523
7061_1_20260419,0,0,0,0,0,0,0,20260419,20260523
414_20260419,0,0,0,0,0,0,0,20260419,20260523
43_5_20260419,0,0,0,0,0,0,0,20260419,20260523
23_4_20260419,0,0,0,0,0,0,0,20260419,20260523
4073_1_20260419,0,0,0,0,0,0,0,20260419,20260523
417_1_20260419,0,0,0,0,0,0,0,20260419,20260523
16_1_20260419,0,0,0,0,0,0,0,20260419,20260523
2_6_20260419,0,0,0,0,0,0,0,20260419,20260523
234_20260419,0,0,0,0,0,0,0,20260419,20260523
301_20260419,0,0,0,0,0,0,0,20260419,20260523
3191_1_20260419,0,0,0,0,0,0,0,20260419,20260523
4024_1_20260419,0,0,0,0,0,0,0,20260419,20260523
6091_1_20260419,0,0,0,0,0,0,0,20260419,20260523
4031_1_20260419,0,0,0,0,0,0,0,20260419,20260523
4025_1_20260419,0,0,0,0,0,0,0,20260419,20260523
413_20260419,0,0,0,0,0,0,0,20260419,20260523
91_1_20260419,0,0,0,0,0,0,0,20260419,20260523
523_1_20260419,0,0,0,0,0,0,0,20260419,20260523
99_1_20260419,0,0,0,0,0,0,0,20260419,20260523
6062_1_20260419,0,0,0,0,0,0,0,20260419,20260523
3_6_20260419,0,0,0,0,0,0,0,20260419,20260523
50_20260419,0,0,0,0,0,0,0,20260419,20260523
2022_1_20260419,0,0,0,0,0,0,0,20260419,20260523
301_1_20260419,0,0,0,0,0,0,0,20260419,20260523
107_3_20260419,0,0,0,0,0,0,0,20260419,20260523
4211_1_20260419,0,0,0,0,0,0,0,20260419,20260523
3282_1_20260419,0,0,0,0,0,0,0,20260419,20260523
522_1_20260419,0,0,0,0,0,0,0,20260419,20260523
209_3_20260419,0,0,0,0,0,0,0,20260419,20260523
2_4_20260419,0,0,0,0,0,0,0,20260419,20260523
305_1_20260419,0,0,0,0,0,0,0,20260419,20260523
1_6_20260419,0,0,0,0,0,0,0,20260419,20260523
317_3_20260419,0,0,0,0,0,0,0,20260419,20260523
38_2_20260419,0,0,0,0,0,0,0,20260419,20260523
4036_1_20260419,0,0,0,0,0,0,0,20260419,20260523
8092_1_20260419,0,0,0,0,0,0,0,20260419,20260523
129_20260419,0,0,0,0,0,0,0,20260419,20260523
4012_1_20260419,0,0,0,0,0,0,0,20260419,20260523
39_1_20260419,0,0,0,0,0,0,0,20260419,20260523
312_2_20260419,0,0,0,0,0,0,0,20260419,20260523
3102_20260419,0,0,0,0,0,0,0,20260419,20260523
211_20260419,0,0,0,0,0,0,0,20260419,20260523
2011_1_20260419,0,0,0,0,0,0,0,20260419,20260523
7062_1_20260419,0,0,0,0,0,0,0,20260419,20260523
101_5_20260419,0,0,0,0,0,0,0,20260419,20260523
150_2_20260419,0,0,0,0,0,0,0,20260419,20260523
702_20260419,0,0,0,0,0,0,0,20260419,20260523
1001_5_20260419,0,0,0,0,0,0,0,20260419,20260523
135_20260419,0,0,0,0,0,0,0,20260419,20260523
121_20260419,0,0,0,0,0,0,0,20260419,20260523
4045_1_20260419,0,0,0,0,0,0,0,20260419,20260523
300_2_20260419,0,0,0,0,0,0,0,20260419,20260523
49_3_20260419,0,0,0,0,0,0,0,20260419,20260523
88_1_20260419,0,0,0,0,0,0,0,20260419,20260523
303_6_20260419,0,0,0,0,0,0,0,20260419,20260523
92_20260419,0,0,0,0,0,0,0,20260419,20260523
7091_1_20260419,0,0,0,0,0,0,0,20260419,20260523
308_4_20260419,0,0,0,0,0,0,0,20260419,20260523
36_2_20260419,0,0,0,0,0,0,0,20260419,20260523
4211_2_20260419,0,0,0,0,0,0,0,20260419,20260523
3_7_20260419,0,0,0,0,0,0,0,20260419,20260523
604_20260419,0,0,0,0,0,0,0,20260419,20260523
311_6_20260419,0,0,0,0,0,0,0,20260419,20260523
208_3_20260419,0,0,0,0,0,0,0,20260419,20260523
29_2_20260419,0,0,0,0,0,0,0,20260419,20260523
503_2_20260419,0,0,0,0,0,0,0,20260419,20260523
65_1_20260419,0,0,0,0,0,0,0,20260419,20260523
3122_1_20260419,0,0,0,0,0,0,0,20260419,20260523
Rail SaSu + Hol_20260419,0,0,0,0,0,0,0,20260419,20260523
502_1_20260419,0,0,0,0,0,0,0,20260419,20260523
150_20260419,0,0,0,0,0,0,0,20260419,20260523
51_1_20260419,0,0,0,0,0,0,0,20260419,20260523
19_2_20260419,0,0,0,0,0,0,0,20260419,20260523
7082_1_20260419,0,0,0,0,0,0,0,20260419,20260523
3231_2_20260419,0,0,0,0,0,0,0,20260419,20260523
17_20260419,0,0,0,0,0,0,0,20260419,20260523
89_1_20260419,0,0,0,0,0,0,0,20260419,20260523
521_2_20260419,0,0,0,0,0,0,0,20260419,20260523
3021_1_20260419,0,0,0,0,0,0,0,20260419,20260523
307_20260419,0,0,0,0,0,0,0,20260419,20260523
115_2_20260419,0,0,0,0,0,0,0,20260419,20260523
3232_1_20260419,0,0,0,0,0,0,0,20260419,20260523
434_20260419,0,0,0,0,0,0,0,20260419,20260523
2_7_20260419,0,0,0,0,0,0,0,20260419,20260523
416_1_20260419,0,0,0,0,0,0,0,20260419,20260523
202_20260419,0,0,0,0,0,0,0,20260419,20260523
3182_1_20260419,0,0,0,0,0,0,0,20260419,20260523
214_4_20260419,0,0,0,0,0,0,0,20260419,20260523
7012_1_20260419,0,0,0,0,0,0,0,20260419,20260523
602_5_20260419,0,0,0,0,0,0,0,20260419,20260523
3061_1_20260419,0,0,0,0,0,0,0,20260419,20260523
42_1_20260419,0,0,0,0,0,0,0,20260419,20260523
12_5_20260419,0,0,0,0,0,0,0,20260419,20260523
46_1_20260419,0,0,0,0,0,0,0,20260419,20260523
54_1_20260419,0,0,0,0,0,0,0,20260419,20260523
210_4_20260419,0,0,0,0,0,0,0,20260419,20260523
204_3_20260419,0,0,0,0,0,0,0,20260419,20260523
514_20260419,0,0,0,0,0,0,0,20260419,20260523
408_1_20260419,0,0,0,0,0,0,0,20260419,20260523
707_1_20260419,0,0,0,0,0,0,0,20260419,20260523
42_2_20260419,0,0,0,0,0,0,0,20260419,20260523
751_1_20260419,0,0,0,0,0,0,0,20260419,20260523
7_2_20260419,0,0,0,0,0,0,0,20260419,20260523
407_4_20260419,0,0,0,0,0,0,0,20260419,20260523
9_4_20260419,0,0,0,0,0,0,0,20260419,20260523
4074_1_20260419,0,0,0,0,0,0,0,20260419,20260523
8063_1_20260419,0,0,0,0,0,0,0,20260419,20260523
307_1_20260419,0,0,0,0,0,0,0,20260419,20260523
236_20260419,0,0,0,0,0,0,0,20260419,20260523
12_1_20260419,0,0,0,0,0,0,0,20260419,20260523
26_2_20260419,0,0,0,0,0,0,0,20260419,20260523
4002_1_20260419,0,0,0,0,0,0,0,20260419,20260523
77_20260419,0,0,0,0,0,0,0,20260419,20260523
39_2_20260419,0,0,0,0,0,0,0,20260419,20260523
6121_1_20260419,0,0,0,0,0,0,0,20260419,20260523
4004_1_20260419,0,0,0,0,0,0,0,20260419,20260523
Rail BRT - Weekday PM (WLG-POR) 2_20260419,0,0,0,0,0,0,0,20260419,20260523
4033_1_20260419,0,0,0,0,0,0,0,20260419,20260523
11_5_20260419,0,0,0,0,0,0,0,20260419,20260523
2051_1_20260419,0,0,0,0,0,0,0,20260419,20260523
81_1_20260419,0,0,0,0,0,0,0,20260419,20260523
510_1_20260419,0,0,0,0,0,0,0,20260419,20260523
36_1_20260419,0,0,0,0,0,0,0,20260419,20260523
10_5_20260419,0,0,0,0,0,0,0,20260419,20260523
82_20260419,0,0,0,0,0,0,0,20260419,20260523
32_1_20260419,0,0,0,0,0,0,0,20260419,20260523
3072_1_20260419,0,0,0,0,0,0,0,20260419,20260523
4014_1_20260419,0,0,0,0,0,0,0,20260419,20260523
23_2_20260419,0,0,0,0,0,0,0,20260419,20260523
4005_1_20260419,0,0,0,0,0,0,0,20260419,20260523
2111_1_20260419,0,0,0,0,0,0,0,20260419,20260523
Rail F-XHol_20260419,0,0,0,0,0,0,0,20260419,20260523
702_1_20260419,0,0,0,0,0,0,0,20260419,20260523
602_2_20260419,0,0,0,0,0,0,0,20260419,20260523
154_1_20260419,0,0,0,0,0,0,0,20260419,20260523
308_20260419,0,0,0,0,0,0,0,20260419,20260523
6112_1_20260419,0,0,0,0,0,0,0,20260419,20260523
8081_1_20260419,0,0,0,0,0,0,0,20260419,20260523
24_5_20260419,0,0,0,0,0,0,0,20260419,20260523
4053_1_20260419,0,0,0,0,0,0,0,20260419,20260523
418_20260419,0,0,0,0,0,0,0,20260419,20260523
110_20260419,0,0,0,0,0,0,0,20260419,20260523
7041_1_20260419,0,0,0,0,0,0,0,20260419,20260523
4217_1_20260419,0,0,0,0,0,0,0,20260419,20260523
324_1_20260419,0,0,0,0,0,0,0,20260419,20260523
126_20260419,0,0,0,0,0,0,0,20260419,20260523
5_3_20260419,0,0,0,0,0,0,0,20260419,20260523
438_20260419,0,0,0,0,0,0,0,20260419,20260523
301_7_20260419,0,0,0,0,0,0,0,20260419,20260523
305_5_20260419,0,0,0,0,0,0,0,20260419,20260523
205_3_20260419,0,0,0,0,0,0,0,20260419,20260523
8011_20260419,0,0,0,0,0,0,0,20260419,20260523
105_20260419,0,0,0,0,0,0,0,20260419,20260523
3261_1_20260419,0,0,0,0,0,0,0,20260419,20260523
6022_1_20260419,0,0,0,0,0,0,0,20260419,20260523
304_20260419,0,0,0,0,0,0,0,20260419,20260523
Rail MEL WEST_20260419,0,0,0,0,0,0,0,20260419,20260523
6021_1_20260419,0,0,0,0,0,0,0,20260419,20260523
212_1_20260419,0,0,0,0,0,0,0,20260419,20260523
4051_1_20260419,0,0,0,0,0,0,0,20260419,20260523
401_4_20260419,0,0,0,0,0,0,0,20260419,20260523
34_2_20260419,0,0,0,0,0,0,0,20260419,20260523
220_1_20260419,0,0,0,0,0,0,0,20260419,20260523
321_3_20260419,0,0,0,0,0,0,0,20260419,20260523
901_20260419,0,0,0,0,0,0,0,20260419,20260523
300_5_20260419,0,0,0,0,0,0,0,20260419,20260523
118_1_20260419,0,0,0,0,0,0,0,20260419,20260523
612_20260419,0,0,0,0,0,0,0,20260419,20260523
424_20260419,0,0,0,0,0,0,0,20260419,20260523
23_5_20260419,0,0,0,0,0,0,0,20260419,20260523
11_1_20260419,0,0,0,0,0,0,0,20260419,20260523
1062_1_20260419,0,0,0,0,0,0,0,20260419,20260523
40_2_20260419,0,0,0,0,0,0,0,20260419,20260523
26_1_20260419,0,0,0,0,0,0,0,20260419,20260523
17_1_20260419,0,0,0,0,0,0,0,20260419,20260523
306_20260419,0,0,0,0,0,0,0,20260419,20260523
28_2_20260419,0,0,0,0,0,0,0,20260419,20260523
1031_1_20260419,0,0,0,0,0,0,0,20260419,20260523
4023_1_20260419,0,0,0,0,0,0,0,20260419,20260523
84_1_20260419,0,0,0,0,0,0,0,20260419,20260523
57_20260419,0,0,0,0,0,0,0,20260419,20260523
706_1_20260419,0,0,0,0,0,0,0,20260419,20260523
427_20260419,0,0,0,0,0,0,0,20260419,20260523
310_20260419,0,0,0,0,0,0,0,20260419,20260523
25_2_20260419,0,0,0,0,0,0,0,20260419,20260523
117_3_20260419,0,0,0,0,0,0,0,20260419,20260523
2072_1_20260419,0,0,0,0,0,0,0,20260419,20260523
305_3_20260419,0,0,0,0,0,0,0,20260419,20260523
6082_1_20260419,0,0,0,0,0,0,0,20260419,20260523
CCL Sa_20260419,0,0,0,0,0,0,0,20260419,20260523
27_5_20260419,0,0,0,0,0,0,0,20260419,20260523
101_1_20260419,0,0,0,0,0,0,0,20260419,20260523
218_3_20260419,0,0,0,0,0,0,0,20260419,20260523
114_1_20260419,0,0,0,0,0,0,0,20260419,20260523
111_7_20260419,0,0,0,0,0,0,0,20260419,20260523
116_20260419,0,0,0,0,0,0,0,20260419,20260523
1002_20260419,0,0,0,0,0,0,0,20260419,20260523
6071_1_20260419,0,0,0,0,0,0,0,20260419,20260523
14_2_20260419,0,0,0,0,0,0,0,20260419,20260523
303_8_20260419,0,0,0,0,0,0,0,20260419,20260523
408_3_20260419,0,0,0,0,0,0,0,20260419,20260523
114_20260419,0,0,0,0,0,0,0,20260419,20260523
317_1_20260419,0,0,0,0,0,0,0,20260419,20260523
321_20260419,0,0,0,0,0,0,0,20260419,20260523
1_4_20260419,0,0,0,0,0,0,0,20260419,20260523
6032_1_20260419,0,0,0,0,0,0,0,20260419,20260523
200_1_20260419,0,0,0,0,0,0,0,20260419,20260523
411_2_20260419,0,0,0,0,0,0,0,20260419,20260523
106_4_20260419,0,0,0,0,0,0,0,20260419,20260523
507_2_20260419,0,0,0,0,0,0,0,20260419,20260523
305_2_20260419,0,0,0,0,0,0,0,20260419,20260523
35_1_20260419,0,0,0,0,0,0,0,20260419,20260523
8061_1_20260419,0,0,0,0,0,0,0,20260419,20260523
6011_1_20260419,0,0,0,0,0,0,0,20260419,20260523
150_1_20260419,0,0,0,0,0,0,0,20260419,20260523
6041_1_20260419,0,0,0,0,0,0,0,20260419,20260523
300_1_20260419,0,0,0,0,0,0,0,20260419,20260523
400_1_20260419,0,0,0,0,0,0,0,20260419,20260523
4040_1_20260419,0,0,0,0,0,0,0,20260419,20260523
1001_4_20260419,0,0,0,0,0,0,0,20260419,20260523
403_3_20260419,0,0,0,0,0,0,0,20260419,20260523
415_1_20260419,0,0,0,0,0,0,0,20260419,20260523
416_20260419,0,0,0,0,0,0,0,20260419,20260523
509_1_20260419,0,0,0,0,0,0,0,20260419,20260523
130_20260419,0,0,0,0,0,0,0,20260419,20260523
Rail Sa-XSun_20260419,0,0,0,0,0,0,0,20260419,20260523
3062_1_20260419,0,0,0,0,0,0,0,20260419,20260523
211_6_20260419,0,0,0,0,0,0,0,20260419,20260523
3012_1_20260419,0,0,0,0,0,0,0,20260419,20260523
411_3_20260419,0,0,0,0,0,0,0,20260419,20260523
8041_1_20260419,0,0,0,0,0,0,0,20260419,20260523
202_3_20260419,0,0,0,0,0,0,0,20260419,20260523
85_1_20260419,0,0,0,0,0,0,0,20260419,20260523
27_4_20260419,0,0,0,0,0,0,0,20260419,20260523
109_20260419,0,0,0,0,0,0,0,20260419,20260523
7081_1_20260419,0,0,0,0,0,0,0,20260419,20260523
719_1_20260419,0,0,0,0,0,0,0,20260419,20260523
51_2_20260419,0,0,0,0,0,0,0,20260419,20260523
6042_1_20260419,0,0,0,0,0,0,0,20260419,20260523
216_3_20260419,0,0,0,0,0,0,0,20260419,20260523
210_3_20260419,0,0,0,0,0,0,0,20260419,20260523
7052_1_20260419,0,0,0,0,0,0,0,20260419,20260523
410_20260419,0,0,0,0,0,0,0,20260419,20260523
117_1_20260419,0,0,0,0,0,0,0,20260419,20260523
132_20260419,0,0,0,0,0,0,0,20260419,20260523
20_1_20260419,0,0,0,0,0,0,0,20260419,20260523
3181_1_20260419,0,0,0,0,0,0,0,20260419,20260523
510_20260419,0,0,0,0,0,0,0,20260419,20260523
7021_1_20260419,0,0,0,0,0,0,0,20260419,20260523
720_1_20260419,0,0,0,0,0,0,0,20260419,20260523
3311_20260419,0,0,0,0,0,0,0,20260419,20260523
601_20260419,0,0,0,0,0,0,0,20260419,20260523
44_1_20260419,0,0,0,0,0,0,0,20260419,20260523
7_3_20260419,0,0,0,0,0,0,0,20260419,20260523
127_20260419,0,0,0,0,0,0,0,20260419,20260523
52_20260419,0,0,0,0,0,0,0,20260419,20260523
207_2_20260419,0,0,0,0,0,0,0,20260419,20260523
2071_1_20260419,0,0,0,0,0,0,0,20260419,20260523
421_20260419,0,0,0,0,0,0,0,20260419,20260523
141_20260419,0,0,0,0,0,0,0,20260419,20260523
4022_2_20260419,0,0,0,0,0,0,0,20260419,20260523
4_7_20260419,0,0,0,0,0,0,0,20260419,20260523
526_1_20260419,0,0,0,0,0,0,0,20260419,20260523
78_20260419,0,0,0,0,0,0,0,20260419,20260523
407_2_20260419,0,0,0,0,0,0,0,20260419,20260523
704_1_20260419,0,0,0,0,0,0,0,20260419,20260523
102_1_20260419,0,0,0,0,0,0,0,20260419,20260523
307_7_20260419,0,0,0,0,0,0,0,20260419,20260523
504_20260419,0,0,0,0,0,0,0,20260419,20260523
609_20260419,0,0,0,0,0,0,0,20260419,20260523
312_1_20260419,0,0,0,0,0,0,0,20260419,20260523
4086_1_20260419,0,0,0,0,0,0,0,20260419,20260523
102_5_20260419,0,0,0,0,0,0,0,20260419,20260523
18_1_20260419,0,0,0,0,0,0,0,20260419,20260523
237_20260419,0,0,0,0,0,0,0,20260419,20260523
525_1_20260419,0,0,0,0,0,0,0,20260419,20260523
113_20260419,0,0,0,0,0,0,0,20260419,20260523
4_6_20260419,0,0,0,0,0,0,0,20260419,20260523
1021_1_20260419,0,0,0,0,0,0,0,20260419,20260523
CCL Su+Hol-Xmas_20260419,0,0,0,0,0,0,0,20260419,20260523
217_1_20260419,0,0,0,0,0,0,0,20260419,20260523
608_20260419,0,0,0,0,0,0,0,20260419,20260523
402_3_20260419,0,0,0,0,0,0,0,20260419,20260523
310_5_20260419,0,0,0,0,0,0,0,20260419,20260523
404_6_20260419,0,0,0,0,0,0,0,20260419,20260523
3151_1_20260419,0,0,0,0,0,0,0,20260419,20260523
139_20260419,0,0,0,0,0,0,0,20260419,20260523
712_1_20260419,0,0,0,0,0,0,0,20260419,20260523
2092_20260419,0,0,0,0,0,0,0,20260419,20260523
3312_1_20260419,0,0,0,0,0,0,0,20260419,20260523
13_4_20260419,0,0,0,0,0,0,0,20260419,20260523
504_1_20260419,0,0,0,0,0,0,0,20260419,20260523
503_3_20260419,0,0,0,0,0,0,0,20260419,20260523
62_1_20260419,0,0,0,0,0,0,0,20260419,20260523
721_1_20260419,0,0,0,0,0,0,0,20260419,20260523
2062_1_20260419,0,0,0,0,0,0,0,20260419,20260523
7032_1_20260419,0,0,0,0,0,0,0,20260419,20260523
3111_1_20260419,0,0,0,0,0,0,0,20260419,20260523
7071_1_20260419,0,0,0,0,0,0,0,20260419,20260523
4083_1_20260419,0,0,0,0,0,0,0,20260419,20260523
143_20260419,0,0,0,0,0,0,0,20260419,20260523
4021_1_20260419,0,0,0,0,0,0,0,20260419,20260523
301_8_20260419,0,0,0,0,0,0,0,20260419,20260523
217_20260419,0,0,0,0,0,0,0,20260419,20260523
429_20260419,0,0,0,0,0,0,0,20260419,20260523
3302_1_20260419,0,0,0,0,0,0,0,20260419,20260523
98_20260419,0,0,0,0,0,0,0,20260419,20260523
31_1_20260419,0,0,0,0,0,0,0,20260419,20260523
102_4_20260419,0,0,0,0,0,0,0,20260419,20260523
752_1_20260419,0,0,0,0,0,0,0,20260419,20260523
37_1_20260419,0,0,0,0,0,0,0,20260419,20260523
30_5_20260419,0,0,0,0,0,0,0,20260419,20260523
56_1_20260419,0,0,0,0,0,0,0,20260419,20260523
106_6_20260419,0,0,0,0,0,0,0,20260419,20260523
501_3_20260419,0,0,0,0,0,0,0,20260419,20260523
216_2_20260419,0,0,0,0,0,0,0,20260419,20260523
506_1_20260419,0,0,0,0,0,0,0,20260419,20260523
38_1_20260419,0,0,0,0,0,0,0,20260419,20260523
4049_1_20260419,0,0,0,0,0,0,0,20260419,20260523
38_3_20260419,0,0,0,0,0,0,0,20260419,20260523
202_2_20260419,0,0,0,0,0,0,0,20260419,20260523
151_1_20260419,0,0,0,0,0,0,0,20260419,20260523
206_2_20260419,0,0,0,0,0,0,0,20260419,20260523
4060_1_20260419,0,0,0,0,0,0,0,20260419,20260523
428_20260419,0,0,0,0,0,0,0,20260419,20260523
103_20260419,0,0,0,0,0,0,0,20260419,20260523
302_1_20260419,0,0,0,0,0,0,0,20260419,20260523
4057_1_20260419,0,0,0,0,0,0,0,20260419,20260523
202_6_20260419,0,0,0,0,0,0,0,20260419,20260523
14_4_20260419,0,0,0,0,0,0,0,20260419,20260523
6051_1_20260419,0,0,0,0,0,0,0,20260419,20260523
325_20260419,0,0,0,0,0,0,0,20260419,20260523
219_1_20260419,0,0,0,0,0,0,0,20260419,20260523
49_1_20260419,0,0,0,0,0,0,0,20260419,20260523
117_20260419,0,0,0,0,0,0,0,20260419,20260523
318_20260419,0,0,0,0,0,0,0,20260419,20260523
801_20260419,0,0,0,0,0,0,0,20260419,20260523
2091_20260419,0,0,0,0,0,0,0,20260419,20260523
322_2_20260419,0,0,0,0,0,0,0,20260419,20260523
414_1_20260419,0,0,0,0,0,0,0,20260419,20260523
102_3_20260419,0,0,0,0,0,0,0,20260419,20260523
6151_1_20260419,0,0,0,0,0,0,0,20260419,20260523
409_20260419,0,0,0,0,0,0,0,20260419,20260523
301_2_20260419,0,0,0,0,0,0,0,20260419,20260523
147_20260419,0,0,0,0,0,0,0,20260419,20260523
204_4_20260419,0,0,0,0,0,0,0,20260419,20260523
6092_1_20260419,0,0,0,0,0,0,0,20260419,20260523
412_3_20260419,0,0,0,0,0,0,0,20260419,20260523
112_20260419,0,0,0,0,0,0,0,20260419,20260523
405_6_20260419,0,0,0,0,0,0,0,20260419,20260523
4050_1_20260419,0,0,0,0,0,0,0,20260419,20260523
315_1_20260419,0,0,0,0,0,0,0,20260419,20260523
47_2_20260419,0,0,0,0,0,0,0,20260419,20260523
206_3_20260419,0,0,0,0,0,0,0,20260419,20260523
501_4_20260419,0,0,0,0,0,0,0,20260419,20260523
754_1_20260419,0,0,0,0,0,0,0,20260419,20260523
753_1_20260419,0,0,0,0,0,0,0,20260419,20260523
EBW SaSu+Hol_20260419,0,0,0,0,0,0,0,20260419,20260523
512_20260419,0,0,0,0,0,0,0,20260419,20260523
219_3_20260419,0,0,0,0,0,0,0,20260419,20260523
214_2_20260419,0,0,0,0,0,0,0,20260419,20260523
505_20260419,0,0,0,0,0,0,0,20260419,20260523
123_20260419,0,0,0,0,0,0,0,20260419,20260523
406_20260419,0,0,0,0,0,0,0,20260419,20260523
142_20260419,0,0,0,0,0,0,0,20260419,20260523
3193_1_20260419,0,0,0,0,0,0,0,20260419,20260523
33_2_20260419,0,0,0,0,0,0,0,20260419,20260523
528_20260419,0,0,0,0,0,0,0,20260419,20260523
215_2_20260419,0,0,0,0,0,0,0,20260419,20260523
1041_1_20260419,0,0,0,0,0,0,0,20260419,20260523
9_2_20260419,0,0,0,0,0,0,0,20260419,20260523
703_20260419,0,0,0,0,0,0,0,20260419,20260523
214_1_20260419,0,0,0,0,0,0,0,20260419,20260523
40_5_20260419,0,0,0,0,0,0,0,20260419,20260523
316_20260419,0,0,0,0,0,0,0,20260419,20260523
205_2_20260419,0,0,0,0,0,0,0,20260419,20260523
304_1_20260419,0,0,0,0,0,0,0,20260419,20260523
49_2_20260419,0,0,0,0,0,0,0,20260419,20260523
701_20260419,0,0,0,0,0,0,0,20260419,20260523
103_4_20260419,0,0,0,0,0,0,0,20260419,20260523
6111_1_20260419,0,0,0,0,0,0,0,20260419,20260523
2052_1_20260419,0,0,0,0,0,0,0,20260419,20260523
407_1_20260419,0,0,0,0,0,0,0,20260419,20260523
2042_1_20260419,0,0,0,0,0,0,0,20260419,20260523
3211_1_20260419,0,0,0,0,0,0,0,20260419,20260523
603_5_20260419,0,0,0,0,0,0,0,20260419,20260523
306_7_20260419,0,0,0,0,0,0,0,20260419,20260523
4064_1_20260419,0,0,0,0,0,0,0,20260419,20260523
72_20260419,0,0,0,0,0,0,0,20260419,20260523
316_3_20260419,0,0,0,0,0,0,0,20260419,20260523
138_20260419,0,0,0,0,0,0,0,20260419,20260523
221_20260419,0,0,0,0,0,0,0,20260419,20260523
28_1_20260419,0,0,0,0,0,0,0,20260419,20260523
403_1_20260419,0,0,0,0,0,0,0,20260419,20260523
418_1_20260419,0,0,0,0,0,0,0,20260419,20260523
213_4_20260419,0,0,0,0,0,0,0,20260419,20260523
113_2_20260419,0,0,0,0,0,0,0,20260419,20260523
419_1_20260419,0,0,0,0,0,0,0,20260419,20260523
108_1_20260419,0,0,0,0,0,0,0,20260419,20260523
310_7_20260419,0,0,0,0,0,0,0,20260419,20260523
3281_1_20260419,0,0,0,0,0,0,0,20260419,20260523
8042_1_20260419,0,0,0,0,0,0,0,20260419,20260523
304_6_20260419,0,0,0,0,0,0,0,20260419,20260523
17_2_20260419,0,0,0,0,0,0,0,20260419,20260523
401_2_20260419,0,0,0,0,0,0,0,20260419,20260523
615_1_20260419,0,0,0,0,0,0,0,20260419,20260523
212_4_20260419,0,0,0,0,0,0,0,20260419,20260523
508_1_20260419,0,0,0,0,0,0,0,20260419,20260523
301_5_20260419,0,0,0,0,0,0,0,20260419,20260523
134_20260419,0,0,0,0,0,0,0,20260419,20260523
113_3_20260419,0,0,0,0,0,0,0,20260419,20260523
435_20260419,0,0,0,0,0,0,0,20260419,20260523
211_3_20260419,0,0,0,0,0,0,0,20260419,20260523
6171_1_20260419,0,0,0,0,0,0,0,20260419,20260523
122_20260419,0,0,0,0,0,0,0,20260419,20260523
316_7_20260419,0,0,0,0,0,0,0,20260419,20260523
13_2_20260419,0,0,0,0,0,0,0,20260419,20260523
3031_1_20260419,0,0,0,0,0,0,0,20260419,20260523
211_1_20260419,0,0,0,0,0,0,0,20260419,20260523
3262_1_20260419,0,0,0,0,0,0,0,20260419,20260523
701_2_20260419,0,0,0,0,0,0,0,20260419,20260523
431_20260419,0,0,0,0,0,0,0,20260419,20260523
2101_1_20260419,0,0,0,0,0,0,0,20260419,20260523
229_20260419,0,0,0,0,0,0,0,20260419,20260523
2061_1_20260419,0,0,0,0,0,0,0,20260419,20260523
64_1_20260419,0,0,0,0,0,0,0,20260419,20260523
601_3_20260419,0,0,0,0,0,0,0,20260419,20260523
110_2_20260419,0,0,0,0,0,0,0,20260419,20260523
69_20260419,0,0,0,0,0,0,0,20260419,20260523
37_2_20260419,0,0,0,0,0,0,0,20260419,20260523
4019_1_20260419,0,0,0,0,0,0,0,20260419,20260523
112_2_20260419,0,0,0,0,0,0,0,20260419,20260523
308_3_20260419,0,0,0,0,0,0,0,20260419,20260523
4048_1_20260419,0,0,0,0,0,0,0,20260419,20260523
509_20260419,0,0,0,0,0,0,0,20260419,20260523
215_1_20260419,0,0,0,0,0,0,0,20260419,20260523
26_20260419,0,0,0,0,0,0,0,20260419,20260523
Rail SaSu + Hol (WRL)_20260419,0,0,0,0,0,0,0,20260419,20260523
8031_2_20260419,0,0,0,0,0,0,0,20260419,20260523
83_1_20260419,0,0,0,0,0,0,0,20260419,20260523
308_1_20260419,0,0,0,0,0,0,0,20260419,20260523
40_4_20260419,0,0,0,0,0,0,0,20260419,20260523
44_5_20260419,0,0,0,0,0,0,0,20260419,20260523
7072_1_20260419,0,0,0,0,0,0,0,20260419,20260523
37_5_20260419,0,0,0,0,0,0,0,20260419,20260523
4027_1_20260419,0,0,0,0,0,0,0,20260419,20260523
423_20260419,0,0,0,0,0,0,0,20260419,20260523
5_2_20260419,0,0,0,0,0,0,0,20260419,20260523
3081_1_20260419,0,0,0,0,0,0,0,20260419,20260523
225_20260419,0,0,0,0,0,0,0,20260419,20260523
401_20260419,0,0,0,0,0,0,0,20260419,20260523
59_20260419,0,0,0,0,0,0,0,20260419,20260523
4056_1_20260419,0,0,0,0,0,0,0,20260419,20260523
34_5_20260419,0,0,0,0,0,0,0,20260419,20260523
206_5_20260419,0,0,0,0,0,0,0,20260419,20260523
152_1_20260419,0,0,0,0,0,0,0,20260419,20260523
406_6_20260419,0,0,0,0,0,0,0,20260419,20260523
4_4_20260419,0,0,0,0,0,0,0,20260419,20260523
412_5_20260419,0,0,0,0,0,0,0,20260419,20260523
140_20260419,0,0,0,0,0,0,0,20260419,20260523
Rail Sa_20260419,0,0,0,0,0,0,0,20260419,20260523
204_2_20260419,0,0,0,0,0,0,0,20260419,20260523
3192_1_20260419,0,0,0,0,0,0,0,20260419,20260523
4008_1_20260419,0,0,0,0,0,0,0,20260419,20260523
3301_1_20260419,0,0,0,0,0,0,0,20260419,20260523
93_20260419,0,0,0,0,0,0,0,20260419,20260523
902_20260419,0,0,0,0,0,0,0,20260419,20260523
125_20260419,0,0,0,0,0,0,0,20260419,20260523
4080_1_20260419,0,0,0,0,0,0,0,20260419,20260523
2121_1_20260419,0,0,0,0,0,0,0,20260419,20260523
306_1_20260419,0,0,0,0,0,0,0,20260419,20260523
52_1_20260419,0,0,0,0,0,0,0,20260419,20260523
309_2_20260419,0,0,0,0,0,0,0,20260419,20260523
3011_20260419,0,0,0,0,0,0,0,20260419,20260523
508_2_20260419,0,0,0,0,0,0,0,20260419,20260523
3091_1_20260419,0,0,0,0,0,0,0,20260419,20260523
511_20260419,0,0,0,0,0,0,0,20260419,20260523
107_1_20260419,0,0,0,0,0,0,0,20260419,20260523
153_1_20260419,0,0,0,0,0,0,0,20260419,20260523
39_5_20260419,0,0,0,0,0,0,0,20260419,20260523
80_20260419,0,0,0,0,0,0,0,20260419,20260523
20_5_20260419,0,0,0,0,0,0,0,20260419,20260523
29_1_20260419,0,0,0,0,0,0,0,20260419,20260523
604_2_20260419,0,0,0,0,0,0,0,20260419,20260523
502_2_20260419,0,0,0,0,0,0,0,20260419,20260523
11_2_20260419,0,0,0,0,0,0,0,20260419,20260523
24_1_20260419,0,0,0,0,0,0,0,20260419,20260523
103_2_20260419,0,0,0,0,0,0,0,20260419,20260523
3221_1_20260419,0,0,0,0,0,0,0,20260419,20260523
3082_1_20260419,0,0,0,0,0,0,0,20260419,20260523
108_6_20260419,0,0,0,0,0,0,0,20260419,20260523
402_4_20260419,0,0,0,0,0,0,0,20260419,20260523
1002_1_20260419,0,0,0,0,0,0,0,20260419,20260523
145_20260419,0,0,0,0,0,0,0,20260419,20260523
3241_1_20260419,0,0,0,0,0,0,0,20260419,20260523
226_20260419,0,0,0,0,0,0,0,20260419,20260523
512_1_20260419,0,0,0,0,0,0,0,20260419,20260523
4020_1_20260419,0,0,0,0,0,0,0,20260419,20260523
505_2_20260419,0,0,0,0,0,0,0,20260419,20260523
516_20260419,0,0,0,0,0,0,0,20260419,20260523
2_5_20260419,0,0,0,0,0,0,0,20260419,20260523
94_1_20260419,0,0,0,0,0,0,0,20260419,20260523
30_4_20260419,0,0,0,0,0,0,0,20260419,20260523
4013_1_20260419,0,0,0,0,0,0,0,20260419,20260523
203_2_20260419,0,0,0,0,0,0,0,20260419,20260523
518_20260419,0,0,0,0,0,0,0,20260419,20260523
311_2_20260419,0,0,0,0,0,0,0,20260419,20260523
3212_1_20260419,0,0,0,0,0,0,0,20260419,20260523
120_1_20260419,0,0,0,0,0,0,0,20260419,20260523
708_1_20260419,0,0,0,0,0,0,0,20260419,20260523
505_1_20260419,0,0,0,0,0,0,0,20260419,20260523
307_4_20260419,0,0,0,0,0,0,0,20260419,20260523
116_1_20260419,0,0,0,0,0,0,0,20260419,20260523
101_4_20260419,0,0,0,0,0,0,0,20260419,20260523
310_6_20260419,0,0,0,0,0,0,0,20260419,20260523
302_3_20260419,0,0,0,0,0,0,0,20260419,20260523
433_20260419,0,0,0,0,0,0,0,20260419,20260523
1072_1_20260419,0,0,0,0,0,0,0,20260419,20260523
420_20260419,0,0,0,0,0,0,0,20260419,20260523
4046_1_20260419,0,0,0,0,0,0,0,20260419,20260523
34_1_20260419,0,0,0,0,0,0,0,20260419,20260523
307_10_20260419,0,0,0,0,0,0,0,20260419,20260523
306_3_20260419,0,0,0,0,0,0,0,20260419,20260523
101_20260419,0,0,0,0,0,0,0,20260419,20260523
117_2_20260419,0,0,0,0,0,0,0,20260419,20260523
1_5_20260419,0,0,0,0,0,0,0,20260419,20260523
711_1_20260419,0,0,0,0,0,0,0,20260419,20260523
310_1_20260419,0,0,0,0,0,0,0,20260419,20260523
506_2_20260419,0,0,0,0,0,0,0,20260419,20260523
222_20260419,0,0,0,0,0,0,0,20260419,20260523
7022_1_20260419,0,0,0,0,0,0,0,20260419,20260523
430_20260419,0,0,0,0,0,0,0,20260419,20260523
6101_1_20260419,0,0,0,0,0,0,0,20260419,20260523
4026_1_20260419,0,0,0,0,0,0,0,20260419,20260523
521_1_20260419,0,0,0,0,0,0,0,20260419,20260523
48_3_20260419,0,0,0,0,0,0,0,20260419,20260523
118_2_20260419,0,0,0,0,0,0,0,20260419,20260523
113_1_20260419,0,0,0,0,0,0,0,20260419,20260523
8071_1_20260419,0,0,0,0,0,0,0,20260419,20260523
4015_1_20260419,0,0,0,0,0,0,0,20260419,20260523
115_3_20260419,0,0,0,0,0,0,0,20260419,20260523
2021_1_20260419,0,0,0,0,0,0,0,20260419,20260523
3131_1_20260419,0,0,0,0,0,0,0,20260419,20260523
320_20260419,0,0,0,0,0,0,0,20260419,20260523
303_1_20260419,0,0,0,0,0,0,0,20260419,20260523
607_1_20260419,0,0,0,0,0,0,0,20260419,20260523
415_6_20260419,0,0,0,0,0,0,0,20260419,20260523
124_20260419,0,0,0,0,0,0,0,20260419,20260523
412_20260419,0,0,0,0,0,0,0,20260419,20260523
304_16_20260419,0,0,0,0,0,0,0,20260419,20260523
107_4_20260419,0,0,0,0,0,0,0,20260419,20260523
35_2_20260419,0,0,0,0,0,0,0,20260419,20260523
45_1_20260419,0,0,0,0,0,0,0,20260419,20260523
714_1_20260419,0,0,0,0,0,0,0,20260419,20260523
103_3_20260419,0,0,0,0,0,0,0,20260419,20260523
58_1_20260419,0,0,0,0,0,0,0,20260419,20260523
406_2_20260419,0,0,0,0,0,0,0,20260419,20260523
302_10_20260419,0,0,0,0,0,0,0,20260419,20260523
135_1_20260419,0,0,0,0,0,0,0,20260419,20260523
4038_1_20260419,0,0,0,0,0,0,0,20260419,20260523
409_1_20260419,0,0,0,0,0,0,0,20260419,20260523
4081_1_20260419,0,0,0,0,0,0,0,20260419,20260523
108_2_20260419,0,0,0,0,0,0,0,20260419,20260523
4039_1_20260419,0,0,0,0,0,0,0,20260419,20260523
326_1_20260419,0,0,0,0,0,0,0,20260419,20260523
301_9_20260419,0,0,0,0,0,0,0,20260419,20260523
18_2_20260419,0,0,0,0,0,0,0,20260419,20260523
703_2_20260419,0,0,0,0,0,0,0,20260419,20260523
70_1_20260419,0,0,0,0,0,0,0,20260419,20260523
111_3_20260419,0,0,0,0,0,0,0,20260419,20260523
104_7_20260419,0,0,0,0,0,0,0,20260419,20260523
21_1_20260419,0,0,0,0,0,0,0,20260419,20260523
90_1_20260419,0,0,0,0,0,0,0,20260419,20260523
219_20260419,0,0,0,0,0,0,0,20260419,20260523
42_20260419,0,0,0,0,0,0,0,20260419,20260523
137_20260419,0,0,0,0,0,0,0,20260419,20260523
438_3_20260419,0,0,0,0,0,0,0,20260419,20260523
6031_1_20260419,0,0,0,0,0,0,0,20260419,20260523
111_2_20260419,0,0,0,0,0,0,0,20260419,20260523
214_3_20260419,0,0,0,0,0,0,0,20260419,20260523
410_3_20260419,0,0,0,0,0,0,0,20260419,20260523
3251_1_20260419,0,0,0,0,0,0,0,20260419,20260523
303_4_20260419,0,0,0,0,0,0,0,20260419,20260523
146_20260419,0,0,0,0,0,0,0,20260419,20260523
203_4_20260419,0,0,0,0,0,0,0,20260419,20260523
87_1_20260419,0,0,0,0,0,0,0,20260419,20260523
22_1_20260419,0,0,0,0,0,0,0,20260419,20260523
7051_1_20260419,0,0,0,0,0,0,0,20260419,20260523
18_3_20260419,0,0,0,0,0,0,0,20260419,20260523
209_6_20260419,0,0,0,0,0,0,0,20260419,20260523
436_20260419,0,0,0,0,0,0,0,20260419,20260523
232_20260419,0,0,0,0,0,0,0,20260419,20260523
303_20260419,0,0,0,0,0,0,0,20260419,20260523
47_1_20260419,0,0,0,0,0,0,0,20260419,20260523
403_4_20260419,0,0,0,0,0,0,0,20260419,20260523
6_2_20260419,0,0,0,0,0,0,0,20260419,20260523
301_4_20260419,0,0,0,0,0,0,0,20260419,20260523
4087_1_20260419,0,0,0,0,0,0,0,20260419,20260523
406_1_20260419,0,0,0,0,0,0,0,20260419,20260523
411_1_20260419,0,0,0,0,0,0,0,20260419,20260523
206_20260419,0,0,0,0,0,0,0,20260419,20260523
615_3_20260419,0,0,0,0,0,0,0,20260419,20260523
4034_1_20260419,0,0,0,0,0,0,0,20260419,20260523
4047_1_20260419,0,0,0,0,0,0,0,20260419,20260523
21_2_20260419,0,0,0,0,0,0,0,20260419,20260523
1051_1_20260419,0,0,0,0,0,0,0,20260419,20260523
4217_2_20260419,0,0,0,0,0,0,0,20260419,20260523
3112_1_20260419,0,0,0,0,0,0,0,20260419,20260523
5031_1_20260419,0,0,0,0,0,0,0,20260419,20260523
228_20260419,0,0,0,0,0,0,0,20260419,20260523
46_20260419,0,0,0,0,0,0,0,20260419,20260523
6_1_20260419,0,0,0,0,0,0,0,20260419,20260523
519_20260419,0,0,0,0,0,0,0,20260419,20260523
3022_1_20260419,0,0,0,0,0,0,0,20260419,20260523
203_3_20260419,0,0,0,0,0,0,0,20260419,20260523
417_20260419,0,0,0,0,0,0,0,20260419,20260523
207_4_20260419,0,0,0,0,0,0,0,20260419,20260523
50_3_20260419,0,0,0,0,0,0,0,20260419,20260523
4084_20260419,0,0,0,0,0,0,0,20260419,20260523
611_1_20260419,0,0,0,0,0,0,0,20260419,20260523
8022_1_20260419,0,0,0,0,0,0,0,20260419,20260523
216_4_20260419,0,0,0,0,0,0,0,20260419,20260523
112_3_20260419,0,0,0,0,0,0,0,20260419,20260523
312_20260419,0,0,0,0,0,0,0,20260419,20260523
413_3_20260419,0,0,0,0,0,0,0,20260419,20260523
305_6_20260419,0,0,0,0,0,0,0,20260419,20260523
79_1_20260419,0,0,0,0,0,0,0,20260419,20260523
235_20260419,0,0,0,0,0,0,0,20260419,20260523
8_2_20260419,0,0,0,0,0,0,0,20260419,20260523
27_2_20260419,0,0,0,0,0,0,0,20260419,20260523
4068_1_20260419,0,0,0,0,0,0,0,20260419,20260523
3291_1_20260419,0,0,0,0,0,0,0,20260419,20260523
502_6_20260419,0,0,0,0,0,0,0,20260419,20260523
110_3_20260419,0,0,0,0,0,0,0,20260419,20260523
4055_1_20260419,0,0,0,0,0,0,0,20260419,20260523
414_2_20260419,0,0,0,0,0,0,0,20260419,20260523
133_20260419,0,0,0,0,0,0,0,20260419,20260523
206_4_20260419,0,0,0,0,0,0,0,20260419,20260523
25_5_20260419,0,0,0,0,0,0,0,20260419,20260523
7031_1_20260419,0,0,0,0,0,0,0,20260419,20260523
4111_1_20260419,0,0,0,0,0,0,0,20260419,20260523
1071_1_20260419,0,0,0,0,0,0,0,20260419,20260523
4007_1_20260419,0,0,0,0,0,0,0,20260419,20260523
314_20260419,0,0,0,0,0,0,0,20260419,20260523
304_4_20260419,0,0,0,0,0,0,0,20260419,20260523
32_3_20260419,0,0,0,0,0,0,0,20260419,20260523
606_20260419,0,0,0,0,0,0,0,20260419,20260523
422_20260419,0,0,0,0,0,0,0,20260419,20260523
235_1_20260419,0,0,0,0,0,0,0,20260419,20260523
5041_1_20260419,0,0,0,0,0,0,0,20260419,20260523
215_6_20260419,0,0,0,0,0,0,0,20260419,20260523
4044_1_20260419,0,0,0,0,0,0,0,20260419,20260523
322_1_20260419,0,0,0,0,0,0,0,20260419,20260523
116_3_20260419,0,0,0,0,0,0,0,20260419,20260523
408_4_20260419,0,0,0,0,0,0,0,20260419,20260523
41_5_20260419,0,0,0,0,0,0,0,20260419,20260523
4009_1_20260419,0,0,0,0,0,0,0,20260419,20260523
128_20260419,0,0,0,0,0,0,0,20260419,20260523
208_4_20260419,0,0,0,0,0,0,0,20260419,20260523
322_4_20260419,0,0,0,0,0,0,0,20260419,20260523
413_2_20260419,0,0,0,0,0,0,0,20260419,20260523
220_20260419,0,0,0,0,0,0,0,20260419,20260523
230_20260419,0,0,0,0,0,0,0,20260419,20260523
6_5_20260419,0,0,0,0,0,0,0,20260419,20260523
4006_1_20260419,0,0,0,0,0,0,0,20260419,20260523
231_20260419,0,0,0,0,0,0,0,20260419,20260523
15_2_20260419,0,0,0,0,0,0,0,20260419,20260523
148_20260419,0,0,0,0,0,0,0,20260419,20260523
3242_1_20260419,0,0,0,0,0,0,0,20260419,20260523
96_1_20260419,0,0,0,0,0,0,0,20260419,20260523
4042_1_20260419,0,0,0,0,0,0,0,20260419,20260523
41_4_20260419,0,0,0,0,0,0,0,20260419,20260523
74_1_20260419,0,0,0,0,0,0,0,20260419,20260523
73_1_20260419,0,0,0,0,0,0,0,20260419,20260523
118_20260419,0,0,0,0,0,0,0,20260419,20260523
715_1_20260419,0,0,0,0,0,0,0,20260419,20260523
204_1_20260419,0,0,0,0,0,0,0,20260419,20260523
303_2_20260419,0,0,0,0,0,0,0,20260419,20260523
4003_1_20260419,0,0,0,0,0,0,0,20260419,20260523
43_2_20260419,0,0,0,0,0,0,0,20260419,20260523
47_5_20260419,0,0,0,0,0,0,0,20260419,20260523
3092_1_20260419,0,0,0,0,0,0,0,20260419,20260523
15_1_20260419,0,0,0,0,0,0,0,20260419,20260523
405_2_20260419,0,0,0,0,0,0,0,20260419,20260523
501_1_20260419,0,0,0,0,0,0,0,20260419,20260523
3132_20260419,0,0,0,0,0,0,0,20260419,20260523
325_3_20260419,0,0,0,0,0,0,0,20260419,20260523
223_20260419,0,0,0,0,0,0,0,20260419,20260523
4055_2_20260419,0,0,0,0,0,0,0,20260419,20260523
8082_1_20260419,0,0,0,0,0,0,0,20260419,20260523
53_20260419,0,0,0,0,0,0,0,20260419,20260523
12_2_20260419,0,0,0,0,0,0,0,20260419,20260523
111_20260419,0,0,0,0,0,0,0,20260419,20260523
4058_1_20260419,0,0,0,0,0,0,0,20260419,20260523
309_1_20260419,0,0,0,0,0,0,0,20260419,20260523
8102_1_20260419,0,0,0,0,0,0,0,20260419,20260523
28_5_20260419,0,0,0,0,0,0,0,20260419,20260523
205_20260419,0,0,0,0,0,0,0,20260419,20260523
3032_1_20260419,0,0,0,0,0,0,0,20260419,20260523
412_1_20260419,0,0,0,0,0,0,0,20260419,20260523
207_20260419,0,0,0,0,0,0,0,20260419,20260523
5011_1_20260419,0,0,0,0,0,0,0,20260419,20260523
304_14_20260419,0,0,0,0,0,0,0,20260419,20260523
3292_1_20260419,0,0,0,0,0,0,0,20260419,20260523
1042_1_20260419,0,0,0,0,0,0,0,20260419,20260523
309_3_20260419,0,0,0,0,0,0,0,20260419,20260523
107_2_20260419,0,0,0,0,0,0,0,20260419,20260523
131_20260419,0,0,0,0,0,0,0,20260419,20260523
16_5_20260419,0,0,0,0,0,0,0,20260419,20260523
507_1_20260419,0,0,0,0,0,0,0,20260419,20260523
100_20260419,0,0,0,0,0,0,0,20260419,20260523
4016_1_20260419,0,0,0,0,0,0,0,20260419,20260523
70_1_20260524,0,0,0,0,0,0,0,20260524,20260704
221_20260524,0,0,0,0,0,0,0,20260524,20260704
202_20260524,0,0,0,0,0,0,0,20260524,20260704
Rail BRT - Sun (6a-6p) (HVL)_20260524,0,0,0,0,0,0,0,20260524,20260704
428_20260524,0,0,0,0,0,0,0,20260524,20260704
201_1_20260524,0,0,0,0,0,0,0,20260524,20260704
8051_1_20260524,0,0,0,0,0,0,0,20260524,20260704
302_1_20260524,0,0,0,0,0,0,0,20260524,20260704
232_20260524,0,0,0,0,0,0,0,20260524,20260704
301_5_20260524,0,0,0,0,0,0,0,20260524,20260704
301_1_20260524,0,0,0,0,0,0,0,20260524,20260704
33_3_20260524,0,0,0,0,0,0,0,20260524,20260704
85_1_20260524,0,0,0,0,0,0,0,20260524,20260704
1021_1_20260524,0,0,0,0,0,0,0,20260524,20260704
2102_1_20260524,0,0,0,0,0,0,0,20260524,20260704
304_16_20260524,0,0,0,0,0,0,0,20260524,20260704
712_1_20260524,0,0,0,0,0,0,0,20260524,20260704
118_3_20260524,0,0,0,0,0,0,0,20260524,20260704
82_20260524,0,0,0,0,0,0,0,20260524,20260704
10_2_20260524,0,0,0,0,0,0,0,20260524,20260704
708_1_20260524,0,0,0,0,0,0,0,20260524,20260704
2111_1_20260524,0,0,0,0,0,0,0,20260524,20260704
7031_1_20260524,0,0,0,0,0,0,0,20260524,20260704
314_20260524,0,0,0,0,0,0,0,20260524,20260704
1002_2_20260524,0,0,0,0,0,0,0,20260524,20260704
87_1_20260524,0,0,0,0,0,0,0,20260524,20260704
6171_1_20260524,0,0,0,0,0,0,0,20260524,20260704
3271_1_20260524,0,0,0,0,0,0,0,20260524,20260704
49_3_20260524,0,0,0,0,0,0,0,20260524,20260704
5_3_20260524,0,0,0,0,0,0,0,20260524,20260704
205_3_20260524,0,0,0,0,0,0,0,20260524,20260704
305_9_20260524,0,0,0,0,0,0,0,20260524,20260704
206_5_20260524,0,0,0,0,0,0,0,20260524,20260704
119_20260524,0,0,0,0,0,0,0,20260524,20260704
4003_1_20260524,0,0,0,0,0,0,0,20260524,20260704
234_20260524,0,0,0,0,0,0,0,20260524,20260704
201_4_20260524,0,0,0,0,0,0,0,20260524,20260704
Rail MTuWThF-XHol_20260524,0,0,0,0,0,0,0,20260524,20260704
8012_1_20260524,0,0,0,0,0,0,0,20260524,20260704
43_5_20260524,0,0,0,0,0,0,0,20260524,20260704
44_1_20260524,0,0,0,0,0,0,0,20260524,20260704
4013_1_20260524,0,0,0,0,0,0,0,20260524,20260704
3081_1_20260524,0,0,0,0,0,0,0,20260524,20260704
322_3_20260524,0,0,0,0,0,0,0,20260524,20260704
514_20260524,0,0,0,0,0,0,0,20260524,20260704
210_2_20260524,0,0,0,0,0,0,0,20260524,20260704
6112_1_20260524,0,0,0,0,0,0,0,20260524,20260704
210_1_20260524,0,0,0,0,0,0,0,20260524,20260704
100_20260524,0,0,0,0,0,0,0,20260524,20260704
131_20260524,0,0,0,0,0,0,0,20260524,20260704
306_3_20260524,0,0,0,0,0,0,0,20260524,20260704
2082_1_20260524,0,0,0,0,0,0,0,20260524,20260704
7_2_20260524,0,0,0,0,0,0,0,20260524,20260704
1071_1_20260524,0,0,0,0,0,0,0,20260524,20260704
308_10_20260524,0,0,0,0,0,0,0,20260524,20260704
145_20260524,0,0,0,0,0,0,0,20260524,20260704
703_2_20260524,0,0,0,0,0,0,0,20260524,20260704
116_1_20260524,0,0,0,0,0,0,0,20260524,20260704
4050_1_20260524,0,0,0,0,0,0,0,20260524,20260704
412_3_20260524,0,0,0,0,0,0,0,20260524,20260704
44_5_20260524,0,0,0,0,0,0,0,20260524,20260704
436_20260524,0,0,0,0,0,0,0,20260524,20260704
105_4_20260524,0,0,0,0,0,0,0,20260524,20260704
5021_1_20260524,0,0,0,0,0,0,0,20260524,20260704
306_1_20260524,0,0,0,0,0,0,0,20260524,20260704
603_2_20260524,0,0,0,0,0,0,0,20260524,20260704
701_20260524,0,0,0,0,0,0,0,20260524,20260704
4038_1_20260524,0,0,0,0,0,0,0,20260524,20260704
4068_1_20260524,0,0,0,0,0,0,0,20260524,20260704
60_1_20260524,0,0,0,0,0,0,0,20260524,20260704
4046_1_20260524,0,0,0,0,0,0,0,20260524,20260704
86_1_20260524,0,0,0,0,0,0,0,20260524,20260704
4021_1_20260524,0,0,0,0,0,0,0,20260524,20260704
501_3_20260524,0,0,0,0,0,0,0,20260524,20260704
319_20260524,0,0,0,0,0,0,0,20260524,20260704
8042_1_20260524,0,0,0,0,0,0,0,20260524,20260704
3141_1_20260524,0,0,0,0,0,0,0,20260524,20260704
36_2_20260524,0,0,0,0,0,0,0,20260524,20260704
508_2_20260524,0,0,0,0,0,0,0,20260524,20260704
325_20260524,0,0,0,0,0,0,0,20260524,20260704
19_20260524,0,0,0,0,0,0,0,20260524,20260704
217_3_20260524,0,0,0,0,0,0,0,20260524,20260704
6052_1_20260524,0,0,0,0,0,0,0,20260524,20260704
6022_1_20260524,0,0,0,0,0,0,0,20260524,20260704
133_20260524,0,0,0,0,0,0,0,20260524,20260704
7041_1_20260524,0,0,0,0,0,0,0,20260524,20260704
50_1_20260524,0,0,0,0,0,0,0,20260524,20260704
11_1_20260524,0,0,0,0,0,0,0,20260524,20260704
4033_1_20260524,0,0,0,0,0,0,0,20260524,20260704
516_20260524,0,0,0,0,0,0,0,20260524,20260704
434_20260524,0,0,0,0,0,0,0,20260524,20260704
112_20260524,0,0,0,0,0,0,0,20260524,20260704
EBW SaSu+Hol_20260524,0,0,0,0,0,0,0,20260524,20260704
308_3_20260524,0,0,0,0,0,0,0,20260524,20260704
3122_1_20260524,0,0,0,0,0,0,0,20260524,20260704
3102_20260524,0,0,0,0,0,0,0,20260524,20260704
117_20260524,0,0,0,0,0,0,0,20260524,20260704
304_8_20260524,0,0,0,0,0,0,0,20260524,20260704
30_5_20260524,0,0,0,0,0,0,0,20260524,20260704
209_6_20260524,0,0,0,0,0,0,0,20260524,20260704
28_1_20260524,0,0,0,0,0,0,0,20260524,20260704
114_3_20260524,0,0,0,0,0,0,0,20260524,20260704
146_20260524,0,0,0,0,0,0,0,20260524,20260704
316_7_20260524,0,0,0,0,0,0,0,20260524,20260704
203_20260524,0,0,0,0,0,0,0,20260524,20260704
Rail BRT - Sun (6am-6p) (JVL)_20260524,0,0,0,0,0,0,0,20260524,20260704
207_1_20260524,0,0,0,0,0,0,0,20260524,20260704
504_1_20260524,0,0,0,0,0,0,0,20260524,20260704
3062_1_20260524,0,0,0,0,0,0,0,20260524,20260704
3_5_20260524,0,0,0,0,0,0,0,20260524,20260704
510_1_20260524,0,0,0,0,0,0,0,20260524,20260704
2062_1_20260524,0,0,0,0,0,0,0,20260524,20260704
4073_1_20260524,0,0,0,0,0,0,0,20260524,20260704
110_1_20260524,0,0,0,0,0,0,0,20260524,20260704
4027_1_20260524,0,0,0,0,0,0,0,20260524,20260704
8061_1_20260524,0,0,0,0,0,0,0,20260524,20260704
CCL MTuWThF-XHol_20260524,0,0,0,0,0,0,0,20260524,20260704
18_3_20260524,0,0,0,0,0,0,0,20260524,20260704
4054_1_20260524,0,0,0,0,0,0,0,20260524,20260704
326_1_20260524,0,0,0,0,0,0,0,20260524,20260704
150_2_20260524,0,0,0,0,0,0,0,20260524,20260704
3232_1_20260524,0,0,0,0,0,0,0,20260524,20260704
6041_1_20260524,0,0,0,0,0,0,0,20260524,20260704
53_20260524,0,0,0,0,0,0,0,20260524,20260704
3242_1_20260524,0,0,0,0,0,0,0,20260524,20260704
220_20260524,0,0,0,0,0,0,0,20260524,20260704
235_1_20260524,0,0,0,0,0,0,0,20260524,20260704
47_1_20260524,0,0,0,0,0,0,0,20260524,20260704
501_4_20260524,0,0,0,0,0,0,0,20260524,20260704
311_1_20260524,0,0,0,0,0,0,0,20260524,20260704
707_1_20260524,0,0,0,0,0,0,0,20260524,20260704
129_20260524,0,0,0,0,0,0,0,20260524,20260704
7022_1_20260524,0,0,0,0,0,0,0,20260524,20260704
410_20260524,0,0,0,0,0,0,0,20260524,20260704
2052_1_20260524,0,0,0,0,0,0,0,20260524,20260704
414_1_20260524,0,0,0,0,0,0,0,20260524,20260704
6061_1_20260524,0,0,0,0,0,0,0,20260524,20260704
4211_1_20260524,0,0,0,0,0,0,0,20260524,20260704
25_1_20260524,0,0,0,0,0,0,0,20260524,20260704
108_3_20260524,0,0,0,0,0,0,0,20260524,20260704
8031_3_20260524,0,0,0,0,0,0,0,20260524,20260704
111_8_20260524,0,0,0,0,0,0,0,20260524,20260704
40_5_20260524,0,0,0,0,0,0,0,20260524,20260704
503_3_20260524,0,0,0,0,0,0,0,20260524,20260704
209_1_20260524,0,0,0,0,0,0,0,20260524,20260704
59_20260524,0,0,0,0,0,0,0,20260524,20260704
27_2_20260524,0,0,0,0,0,0,0,20260524,20260704
Rail BRT - Sun PM (WEL-PET) (HVL)_20260524,0,0,0,0,0,0,0,20260524,20260704
4019_1_20260524,0,0,0,0,0,0,0,20260524,20260704
437_20260524,0,0,0,0,0,0,0,20260524,20260704
215_2_20260524,0,0,0,0,0,0,0,20260524,20260704
4042_1_20260524,0,0,0,0,0,0,0,20260524,20260704
Rail BRT - Sun PM (WLG-PAE)_20260524,0,0,0,0,0,0,0,20260524,20260704
4074_1_20260524,0,0,0,0,0,0,0,20260524,20260704
2101_1_20260524,0,0,0,0,0,0,0,20260524,20260704
9_5_20260524,0,0,0,0,0,0,0,20260524,20260704
Rail BRT - Weekday PM (WLG-POR)_20260524,0,0,0,0,0,0,0,20260524,20260704
50_3_20260524,0,0,0,0,0,0,0,20260524,20260704
213_3_20260524,0,0,0,0,0,0,0,20260524,20260704
Rail MEL WEST_20260524,0,0,0,0,0,0,0,20260524,20260704
415_6_20260524,0,0,0,0,0,0,0,20260524,20260704
8081_1_20260524,0,0,0,0,0,0,0,20260524,20260704
23_4_20260524,0,0,0,0,0,0,0,20260524,20260704
4_7_20260524,0,0,0,0,0,0,0,20260524,20260704
5032_1_20260524,0,0,0,0,0,0,0,20260524,20260704
113_3_20260524,0,0,0,0,0,0,0,20260524,20260704
106_2_20260524,0,0,0,0,0,0,0,20260524,20260704
102_20260524,0,0,0,0,0,0,0,20260524,20260704
8021_1_20260524,0,0,0,0,0,0,0,20260524,20260704
215_1_20260524,0,0,0,0,0,0,0,20260524,20260704
8063_1_20260524,0,0,0,0,0,0,0,20260524,20260704
1001_4_20260524,0,0,0,0,0,0,0,20260524,20260704
31_1_20260524,0,0,0,0,0,0,0,20260524,20260704
3231_3_20260524,0,0,0,0,0,0,0,20260524,20260704
226_20260524,0,0,0,0,0,0,0,20260524,20260704
310_1_20260524,0,0,0,0,0,0,0,20260524,20260704
219_3_20260524,0,0,0,0,0,0,0,20260524,20260704
408_4_20260524,0,0,0,0,0,0,0,20260524,20260704
24_1_20260524,0,0,0,0,0,0,0,20260524,20260704
107_4_20260524,0,0,0,0,0,0,0,20260524,20260704
312_1_20260524,0,0,0,0,0,0,0,20260524,20260704
7052_1_20260524,0,0,0,0,0,0,0,20260524,20260704
112_3_20260524,0,0,0,0,0,0,0,20260524,20260704
435_20260524,0,0,0,0,0,0,0,20260524,20260704
1052_1_20260524,0,0,0,0,0,0,0,20260524,20260704
97_1_20260524,0,0,0,0,0,0,0,20260524,20260704
4049_1_20260524,0,0,0,0,0,0,0,20260524,20260704
3182_1_20260524,0,0,0,0,0,0,0,20260524,20260704
7062_1_20260524,0,0,0,0,0,0,0,20260524,20260704
6_1_20260524,0,0,0,0,0,0,0,20260524,20260704
1041_1_20260524,0,0,0,0,0,0,0,20260524,20260704
412_1_20260524,0,0,0,0,0,0,0,20260524,20260704
210_3_20260524,0,0,0,0,0,0,0,20260524,20260704
72_20260524,0,0,0,0,0,0,0,20260524,20260704
439_1_20260524,0,0,0,0,0,0,0,20260524,20260704
3042_20260524,0,0,0,0,0,0,0,20260524,20260704
525_1_20260524,0,0,0,0,0,0,0,20260524,20260704
222_20260524,0,0,0,0,0,0,0,20260524,20260704
421_20260524,0,0,0,0,0,0,0,20260524,20260704
505_20260524,0,0,0,0,0,0,0,20260524,20260704
410_1_20260524,0,0,0,0,0,0,0,20260524,20260704
115_4_20260524,0,0,0,0,0,0,0,20260524,20260704
321_20260524,0,0,0,0,0,0,0,20260524,20260704
4044_1_20260524,0,0,0,0,0,0,0,20260524,20260704
1_6_20260524,0,0,0,0,0,0,0,20260524,20260704
76_1_20260524,0,0,0,0,0,0,0,20260524,20260704
1072_1_20260524,0,0,0,0,0,0,0,20260524,20260704
211_6_20260524,0,0,0,0,0,0,0,20260524,20260704
20_2_20260524,0,0,0,0,0,0,0,20260524,20260704
2042_1_20260524,0,0,0,0,0,0,0,20260524,20260704
310_2_20260524,0,0,0,0,0,0,0,20260524,20260704
3152_1_20260524,0,0,0,0,0,0,0,20260524,20260704
702_1_20260524,0,0,0,0,0,0,0,20260524,20260704
109_1_20260524,0,0,0,0,0,0,0,20260524,20260704
513_20260524,0,0,0,0,0,0,0,20260524,20260704
4051_1_20260524,0,0,0,0,0,0,0,20260524,20260704
4_6_20260524,0,0,0,0,0,0,0,20260524,20260704
109_3_20260524,0,0,0,0,0,0,0,20260524,20260704
403_1_20260524,0,0,0,0,0,0,0,20260524,20260704
3_7_20260524,0,0,0,0,0,0,0,20260524,20260704
407_4_20260524,0,0,0,0,0,0,0,20260524,20260704
505_1_20260524,0,0,0,0,0,0,0,20260524,20260704
38_2_20260524,0,0,0,0,0,0,0,20260524,20260704
601_3_20260524,0,0,0,0,0,0,0,20260524,20260704
74_1_20260524,0,0,0,0,0,0,0,20260524,20260704
3261_1_20260524,0,0,0,0,0,0,0,20260524,20260704
4075_1_20260524,0,0,0,0,0,0,0,20260524,20260704
4080_1_20260524,0,0,0,0,0,0,0,20260524,20260704
324_1_20260524,0,0,0,0,0,0,0,20260524,20260704
35_20260524,0,0,0,0,0,0,0,20260524,20260704
305_5_20260524,0,0,0,0,0,0,0,20260524,20260704
406_5_20260524,0,0,0,0,0,0,0,20260524,20260704
2051_1_20260524,0,0,0,0,0,0,0,20260524,20260704
4211_2_20260524,0,0,0,0,0,0,0,20260524,20260704
114_2_20260524,0,0,0,0,0,0,0,20260524,20260704
33_2_20260524,0,0,0,0,0,0,0,20260524,20260704
106_4_20260524,0,0,0,0,0,0,0,20260524,20260704
419_20260524,0,0,0,0,0,0,0,20260524,20260704
2081_1_20260524,0,0,0,0,0,0,0,20260524,20260704
3282_1_20260524,0,0,0,0,0,0,0,20260524,20260704
7071_1_20260524,0,0,0,0,0,0,0,20260524,20260704
4058_1_20260524,0,0,0,0,0,0,0,20260524,20260704
308_1_20260524,0,0,0,0,0,0,0,20260524,20260704
4082_1_20260524,0,0,0,0,0,0,0,20260524,20260704
217_1_20260524,0,0,0,0,0,0,0,20260524,20260704
2032_1_20260524,0,0,0,0,0,0,0,20260524,20260704
108_1_20260524,0,0,0,0,0,0,0,20260524,20260704
44_2_20260524,0,0,0,0,0,0,0,20260524,20260704
48_5_20260524,0,0,0,0,0,0,0,20260524,20260704
28_2_20260524,0,0,0,0,0,0,0,20260524,20260704
8072_1_20260524,0,0,0,0,0,0,0,20260524,20260704
101_1_20260524,0,0,0,0,0,0,0,20260524,20260704
4055_1_20260524,0,0,0,0,0,0,0,20260524,20260704
6042_1_20260524,0,0,0,0,0,0,0,20260524,20260704
Rail BRT - Sun FULL (KPL)_20260524,0,0,0,0,0,0,0,20260524,20260704
17_2_20260524,0,0,0,0,0,0,0,20260524,20260704
2_4_20260524,0,0,0,0,0,0,0,20260524,20260704
6111_1_20260524,0,0,0,0,0,0,0,20260524,20260704
307_2_20260524,0,0,0,0,0,0,0,20260524,20260704
78_20260524,0,0,0,0,0,0,0,20260524,20260704
13_2_20260524,0,0,0,0,0,0,0,20260524,20260704
79_1_20260524,0,0,0,0,0,0,0,20260524,20260704
310_5_20260524,0,0,0,0,0,0,0,20260524,20260704
2021_1_20260524,0,0,0,0,0,0,0,20260524,20260704
208_20260524,0,0,0,0,0,0,0,20260524,20260704
611_1_20260524,0,0,0,0,0,0,0,20260524,20260704
424_20260524,0,0,0,0,0,0,0,20260524,20260704
237_20260524,0,0,0,0,0,0,0,20260524,20260704
322_2_20260524,0,0,0,0,0,0,0,20260524,20260704
4006_1_20260524,0,0,0,0,0,0,0,20260524,20260704
405_2_20260524,0,0,0,0,0,0,0,20260524,20260704
408_1_20260524,0,0,0,0,0,0,0,20260524,20260704
524_1_20260524,0,0,0,0,0,0,0,20260524,20260704
403_4_20260524,0,0,0,0,0,0,0,20260524,20260704
6051_1_20260524,0,0,0,0,0,0,0,20260524,20260704
Rail BRT - Sat Full (HVL)_20260524,0,0,0,0,0,0,0,20260524,20260704
CCL Sa_20260524,0,0,0,0,0,0,0,20260524,20260704
502_3_20260524,0,0,0,0,0,0,0,20260524,20260704
506_2_20260524,0,0,0,0,0,0,0,20260524,20260704
202_2_20260524,0,0,0,0,0,0,0,20260524,20260704
507_2_20260524,0,0,0,0,0,0,0,20260524,20260704
31_2_20260524,0,0,0,0,0,0,0,20260524,20260704
306_5_20260524,0,0,0,0,0,0,0,20260524,20260704
2092_20260524,0,0,0,0,0,0,0,20260524,20260704
704_1_20260524,0,0,0,0,0,0,0,20260524,20260704
902_20260524,0,0,0,0,0,0,0,20260524,20260704
204_2_20260524,0,0,0,0,0,0,0,20260524,20260704
5_2_20260524,0,0,0,0,0,0,0,20260524,20260704
119_1_20260524,0,0,0,0,0,0,0,20260524,20260704
302_10_20260524,0,0,0,0,0,0,0,20260524,20260704
404_6_20260524,0,0,0,0,0,0,0,20260524,20260704
209_3_20260524,0,0,0,0,0,0,0,20260524,20260704
19_1_20260524,0,0,0,0,0,0,0,20260524,20260704
4004_1_20260524,0,0,0,0,0,0,0,20260524,20260704
307_10_20260524,0,0,0,0,0,0,0,20260524,20260704
3192_1_20260524,0,0,0,0,0,0,0,20260524,20260704
3172_20260524,0,0,0,0,0,0,0,20260524,20260704
203_4_20260524,0,0,0,0,0,0,0,20260524,20260704
138_20260524,0,0,0,0,0,0,0,20260524,20260704
4007_1_20260524,0,0,0,0,0,0,0,20260524,20260704
304_6_20260524,0,0,0,0,0,0,0,20260524,20260704
47_2_20260524,0,0,0,0,0,0,0,20260524,20260704
522_1_20260524,0,0,0,0,0,0,0,20260524,20260704
42_20260524,0,0,0,0,0,0,0,20260524,20260704
219_20260524,0,0,0,0,0,0,0,20260524,20260704
4056_1_20260524,0,0,0,0,0,0,0,20260524,20260704
310_3_20260524,0,0,0,0,0,0,0,20260524,20260704
415_20260524,0,0,0,0,0,0,0,20260524,20260704
6081_1_20260524,0,0,0,0,0,0,0,20260524,20260704
203_3_20260524,0,0,0,0,0,0,0,20260524,20260704
26_1_20260524,0,0,0,0,0,0,0,20260524,20260704
143_20260524,0,0,0,0,0,0,0,20260524,20260704
606_20260524,0,0,0,0,0,0,0,20260524,20260704
54_1_20260524,0,0,0,0,0,0,0,20260524,20260704
212_20260524,0,0,0,0,0,0,0,20260524,20260704
1012_1_20260524,0,0,0,0,0,0,0,20260524,20260704
4087_1_20260524,0,0,0,0,0,0,0,20260524,20260704
103_4_20260524,0,0,0,0,0,0,0,20260524,20260704
8011_20260524,0,0,0,0,0,0,0,20260524,20260704
326_20260524,0,0,0,0,0,0,0,20260524,20260704
208_1_20260524,0,0,0,0,0,0,0,20260524,20260704
4217_2_20260524,0,0,0,0,0,0,0,20260524,20260704
204_3_20260524,0,0,0,0,0,0,0,20260524,20260704
81_1_20260524,0,0,0,0,0,0,0,20260524,20260704
2071_1_20260524,0,0,0,0,0,0,0,20260524,20260704
427_20260524,0,0,0,0,0,0,0,20260524,20260704
5041_1_20260524,0,0,0,0,0,0,0,20260524,20260704
17_20260524,0,0,0,0,0,0,0,20260524,20260704
135_20260524,0,0,0,0,0,0,0,20260524,20260704
132_20260524,0,0,0,0,0,0,0,20260524,20260704
205_20260524,0,0,0,0,0,0,0,20260524,20260704
605_3_20260524,0,0,0,0,0,0,0,20260524,20260704
615_1_20260524,0,0,0,0,0,0,0,20260524,20260704
8_1_20260524,0,0,0,0,0,0,0,20260524,20260704
37_2_20260524,0,0,0,0,0,0,0,20260524,20260704
322_1_20260524,0,0,0,0,0,0,0,20260524,20260704
301_8_20260524,0,0,0,0,0,0,0,20260524,20260704
402_4_20260524,0,0,0,0,0,0,0,20260524,20260704
4015_1_20260524,0,0,0,0,0,0,0,20260524,20260704
4008_1_20260524,0,0,0,0,0,0,0,20260524,20260704
64_1_20260524,0,0,0,0,0,0,0,20260524,20260704
67_20260524,0,0,0,0,0,0,0,20260524,20260704
23_2_20260524,0,0,0,0,0,0,0,20260524,20260704
709_1_20260524,0,0,0,0,0,0,0,20260524,20260704
310_7_20260524,0,0,0,0,0,0,0,20260524,20260704
201_2_20260524,0,0,0,0,0,0,0,20260524,20260704
4040_1_20260524,0,0,0,0,0,0,0,20260524,20260704
412_4_20260524,0,0,0,0,0,0,0,20260524,20260704
411_3_20260524,0,0,0,0,0,0,0,20260524,20260704
6012_1_20260524,0,0,0,0,0,0,0,20260524,20260704
3091_1_20260524,0,0,0,0,0,0,0,20260524,20260704
120_20260524,0,0,0,0,0,0,0,20260524,20260704
4052_1_20260524,0,0,0,0,0,0,0,20260524,20260704
309_4_20260524,0,0,0,0,0,0,0,20260524,20260704
107_1_20260524,0,0,0,0,0,0,0,20260524,20260704
205_2_20260524,0,0,0,0,0,0,0,20260524,20260704
4048_1_20260524,0,0,0,0,0,0,0,20260524,20260704
124_20260524,0,0,0,0,0,0,0,20260524,20260704
126_20260524,0,0,0,0,0,0,0,20260524,20260704
301_20260524,0,0,0,0,0,0,0,20260524,20260704
18_2_20260524,0,0,0,0,0,0,0,20260524,20260704
71_1_20260524,0,0,0,0,0,0,0,20260524,20260704
Rail BRT - Sat Full (KPL)_20260524,0,0,0,0,0,0,0,20260524,20260704
3301_1_20260524,0,0,0,0,0,0,0,20260524,20260704
311_2_20260524,0,0,0,0,0,0,0,20260524,20260704
312_2_20260524,0,0,0,0,0,0,0,20260524,20260704
19_2_20260524,0,0,0,0,0,0,0,20260524,20260704
3061_1_20260524,0,0,0,0,0,0,0,20260524,20260704
711_1_20260524,0,0,0,0,0,0,0,20260524,20260704
3051_1_20260524,0,0,0,0,0,0,0,20260524,20260704
6011_1_20260524,0,0,0,0,0,0,0,20260524,20260704
426_20260524,0,0,0,0,0,0,0,20260524,20260704
6091_1_20260524,0,0,0,0,0,0,0,20260524,20260704
235_20260524,0,0,0,0,0,0,0,20260524,20260704
29_5_20260524,0,0,0,0,0,0,0,20260524,20260704
30_4_20260524,0,0,0,0,0,0,0,20260524,20260704
713_1_20260524,0,0,0,0,0,0,0,20260524,20260704
206_20260524,0,0,0,0,0,0,0,20260524,20260704
49_2_20260524,0,0,0,0,0,0,0,20260524,20260704
52_20260524,0,0,0,0,0,0,0,20260524,20260704
101_4_20260524,0,0,0,0,0,0,0,20260524,20260704
104_20260524,0,0,0,0,0,0,0,20260524,20260704
30_3_20260524,0,0,0,0,0,0,0,20260524,20260704
505_2_20260524,0,0,0,0,0,0,0,20260524,20260704
230_20260524,0,0,0,0,0,0,0,20260524,20260704
512_1_20260524,0,0,0,0,0,0,0,20260524,20260704
305_3_20260524,0,0,0,0,0,0,0,20260524,20260704
206_2_20260524,0,0,0,0,0,0,0,20260524,20260704
526_1_20260524,0,0,0,0,0,0,0,20260524,20260704
28_5_20260524,0,0,0,0,0,0,0,20260524,20260704
4002_1_20260524,0,0,0,0,0,0,0,20260524,20260704
148_20260524,0,0,0,0,0,0,0,20260524,20260704
438_20260524,0,0,0,0,0,0,0,20260524,20260704
306_20260524,0,0,0,0,0,0,0,20260524,20260704
5042_1_20260524,0,0,0,0,0,0,0,20260524,20260704
36_3_20260524,0,0,0,0,0,0,0,20260524,20260704
404_20260524,0,0,0,0,0,0,0,20260524,20260704
402_3_20260524,0,0,0,0,0,0,0,20260524,20260704
3101_20260524,0,0,0,0,0,0,0,20260524,20260704
109_20260524,0,0,0,0,0,0,0,20260524,20260704
301_2_20260524,0,0,0,0,0,0,0,20260524,20260704
407_1_20260524,0,0,0,0,0,0,0,20260524,20260704
6021_1_20260524,0,0,0,0,0,0,0,20260524,20260704
21_1_20260524,0,0,0,0,0,0,0,20260524,20260704
3131_1_20260524,0,0,0,0,0,0,0,20260524,20260704
32_1_20260524,0,0,0,0,0,0,0,20260524,20260704
307_1_20260524,0,0,0,0,0,0,0,20260524,20260704
8102_1_20260524,0,0,0,0,0,0,0,20260524,20260704
11_5_20260524,0,0,0,0,0,0,0,20260524,20260704
105_5_20260524,0,0,0,0,0,0,0,20260524,20260704
4039_1_20260524,0,0,0,0,0,0,0,20260524,20260704
417_1_20260524,0,0,0,0,0,0,0,20260524,20260704
57_20260524,0,0,0,0,0,0,0,20260524,20260704
406_1_20260524,0,0,0,0,0,0,0,20260524,20260704
519_20260524,0,0,0,0,0,0,0,20260524,20260704
204_1_20260524,0,0,0,0,0,0,0,20260524,20260704
512_20260524,0,0,0,0,0,0,0,20260524,20260704
307_4_20260524,0,0,0,0,0,0,0,20260524,20260704
1011_1_20260524,0,0,0,0,0,0,0,20260524,20260704
4084_20260524,0,0,0,0,0,0,0,20260524,20260704
102_4_20260524,0,0,0,0,0,0,0,20260524,20260704
404_2_20260524,0,0,0,0,0,0,0,20260524,20260704
527_20260524,0,0,0,0,0,0,0,20260524,20260704
301_7_20260524,0,0,0,0,0,0,0,20260524,20260704
4062_1_20260524,0,0,0,0,0,0,0,20260524,20260704
4055_2_20260524,0,0,0,0,0,0,0,20260524,20260704
8101_1_20260524,0,0,0,0,0,0,0,20260524,20260704
106_6_20260524,0,0,0,0,0,0,0,20260524,20260704
18_1_20260524,0,0,0,0,0,0,0,20260524,20260704
50_20260524,0,0,0,0,0,0,0,20260524,20260704
22_1_20260524,0,0,0,0,0,0,0,20260524,20260704
38_1_20260524,0,0,0,0,0,0,0,20260524,20260704
8092_1_20260524,0,0,0,0,0,0,0,20260524,20260704
66_20260524,0,0,0,0,0,0,0,20260524,20260704
4041_1_20260524,0,0,0,0,0,0,0,20260524,20260704
39_1_20260524,0,0,0,0,0,0,0,20260524,20260704
6092_1_20260524,0,0,0,0,0,0,0,20260524,20260704
CCL Su+Hol-Xmas_20260524,0,0,0,0,0,0,0,20260524,20260704
311_20260524,0,0,0,0,0,0,0,20260524,20260704
21_2_20260524,0,0,0,0,0,0,0,20260524,20260704
1002_1_20260524,0,0,0,0,0,0,0,20260524,20260704
416_20260524,0,0,0,0,0,0,0,20260524,20260704
8062_1_20260524,0,0,0,0,0,0,0,20260524,20260704
605_1_20260524,0,0,0,0,0,0,0,20260524,20260704
2061_1_20260524,0,0,0,0,0,0,0,20260524,20260704
6121_1_20260524,0,0,0,0,0,0,0,20260524,20260704
7072_1_20260524,0,0,0,0,0,0,0,20260524,20260704
8_3_20260524,0,0,0,0,0,0,0,20260524,20260704
4022_2_20260524,0,0,0,0,0,0,0,20260524,20260704
407_3_20260524,0,0,0,0,0,0,0,20260524,20260704
4047_1_20260524,0,0,0,0,0,0,0,20260524,20260704
504_20260524,0,0,0,0,0,0,0,20260524,20260704
150_20260524,0,0,0,0,0,0,0,20260524,20260704
601_20260524,0,0,0,0,0,0,0,20260524,20260704
706_1_20260524,0,0,0,0,0,0,0,20260524,20260704
309_2_20260524,0,0,0,0,0,0,0,20260524,20260704
65_1_20260524,0,0,0,0,0,0,0,20260524,20260704
301_4_20260524,0,0,0,0,0,0,0,20260524,20260704
511_20260524,0,0,0,0,0,0,0,20260524,20260704
302_2_20260524,0,0,0,0,0,0,0,20260524,20260704
309_3_20260524,0,0,0,0,0,0,0,20260524,20260704
7092_1_20260524,0,0,0,0,0,0,0,20260524,20260704
22_2_20260524,0,0,0,0,0,0,0,20260524,20260704
511_1_20260524,0,0,0,0,0,0,0,20260524,20260704
311_6_20260524,0,0,0,0,0,0,0,20260524,20260704
412_20260524,0,0,0,0,0,0,0,20260524,20260704
4_4_20260524,0,0,0,0,0,0,0,20260524,20260704
15_5_20260524,0,0,0,0,0,0,0,20260524,20260704
218_1_20260524,0,0,0,0,0,0,0,20260524,20260704
518_20260524,0,0,0,0,0,0,0,20260524,20260704
309_1_20260524,0,0,0,0,0,0,0,20260524,20260704
754_1_20260524,0,0,0,0,0,0,0,20260524,20260704
27_4_20260524,0,0,0,0,0,0,0,20260524,20260704
3193_1_20260524,0,0,0,0,0,0,0,20260524,20260704
309_8_20260524,0,0,0,0,0,0,0,20260524,20260704
432_20260524,0,0,0,0,0,0,0,20260524,20260704
25_5_20260524,0,0,0,0,0,0,0,20260524,20260704
300_2_20260524,0,0,0,0,0,0,0,20260524,20260704
7_1_20260524,0,0,0,0,0,0,0,20260524,20260704
703_20260524,0,0,0,0,0,0,0,20260524,20260704
62_1_20260524,0,0,0,0,0,0,0,20260524,20260704
99_1_20260524,0,0,0,0,0,0,0,20260524,20260704
236_20260524,0,0,0,0,0,0,0,20260524,20260704
5031_1_20260524,0,0,0,0,0,0,0,20260524,20260704
51_1_20260524,0,0,0,0,0,0,0,20260524,20260704
15_1_20260524,0,0,0,0,0,0,0,20260524,20260704
753_1_20260524,0,0,0,0,0,0,0,20260524,20260704
528_3_20260524,0,0,0,0,0,0,0,20260524,20260704
304_2_20260524,0,0,0,0,0,0,0,20260524,20260704
Rail BRT - Sunday PM (WLG-POR)_20260524,0,0,0,0,0,0,0,20260524,20260704
405_6_20260524,0,0,0,0,0,0,0,20260524,20260704
16_1_20260524,0,0,0,0,0,0,0,20260524,20260704
88_1_20260524,0,0,0,0,0,0,0,20260524,20260704
106_20260524,0,0,0,0,0,0,0,20260524,20260704
137_20260524,0,0,0,0,0,0,0,20260524,20260704
401_2_20260524,0,0,0,0,0,0,0,20260524,20260704
6151_1_20260524,0,0,0,0,0,0,0,20260524,20260704
45_5_20260524,0,0,0,0,0,0,0,20260524,20260704
43_2_20260524,0,0,0,0,0,0,0,20260524,20260704
752_1_20260524,0,0,0,0,0,0,0,20260524,20260704
8032_1_20260524,0,0,0,0,0,0,0,20260524,20260704
113_2_20260524,0,0,0,0,0,0,0,20260524,20260704
208_3_20260524,0,0,0,0,0,0,0,20260524,20260704
37_5_20260524,0,0,0,0,0,0,0,20260524,20260704
506_20260524,0,0,0,0,0,0,0,20260524,20260704
506_1_20260524,0,0,0,0,0,0,0,20260524,20260704
303_4_20260524,0,0,0,0,0,0,0,20260524,20260704
1051_1_20260524,0,0,0,0,0,0,0,20260524,20260704
401_20260524,0,0,0,0,0,0,0,20260524,20260704
4001_1_20260524,0,0,0,0,0,0,0,20260524,20260704
501_1_20260524,0,0,0,0,0,0,0,20260524,20260704
4081_1_20260524,0,0,0,0,0,0,0,20260524,20260704
34_5_20260524,0,0,0,0,0,0,0,20260524,20260704
31_20260524,0,0,0,0,0,0,0,20260524,20260704
3311_20260524,0,0,0,0,0,0,0,20260524,20260704
3072_1_20260524,0,0,0,0,0,0,0,20260524,20260704
13_4_20260524,0,0,0,0,0,0,0,20260524,20260704
150_1_20260524,0,0,0,0,0,0,0,20260524,20260704
508_1_20260524,0,0,0,0,0,0,0,20260524,20260704
405_20260524,0,0,0,0,0,0,0,20260524,20260704
418_20260524,0,0,0,0,0,0,0,20260524,20260704
304_4_20260524,0,0,0,0,0,0,0,20260524,20260704
3_4_20260524,0,0,0,0,0,0,0,20260524,20260704
422_20260524,0,0,0,0,0,0,0,20260524,20260704
Rail Sa-XSun_20260524,0,0,0,0,0,0,0,20260524,20260704
4057_1_20260524,0,0,0,0,0,0,0,20260524,20260704
219_1_20260524,0,0,0,0,0,0,0,20260524,20260704
607_1_20260524,0,0,0,0,0,0,0,20260524,20260704
211_1_20260524,0,0,0,0,0,0,0,20260524,20260704
7091_1_20260524,0,0,0,0,0,0,0,20260524,20260704
13_5_20260524,0,0,0,0,0,0,0,20260524,20260704
68_20260524,0,0,0,0,0,0,0,20260524,20260704
Rail BRT - Sun Full (JVL)_20260524,0,0,0,0,0,0,0,20260524,20260704
6_2_20260524,0,0,0,0,0,0,0,20260524,20260704
144_20260524,0,0,0,0,0,0,0,20260524,20260704
4014_1_20260524,0,0,0,0,0,0,0,20260524,20260704
305_2_20260524,0,0,0,0,0,0,0,20260524,20260704
6032_1_20260524,0,0,0,0,0,0,0,20260524,20260704
200_1_20260524,0,0,0,0,0,0,0,20260524,20260704
8091_1_20260524,0,0,0,0,0,0,0,20260524,20260704
308_4_20260524,0,0,0,0,0,0,0,20260524,20260704
115_3_20260524,0,0,0,0,0,0,0,20260524,20260704
321_3_20260524,0,0,0,0,0,0,0,20260524,20260704
715_1_20260524,0,0,0,0,0,0,0,20260524,20260704
510_20260524,0,0,0,0,0,0,0,20260524,20260704
1_4_20260524,0,0,0,0,0,0,0,20260524,20260704
Rail SaSu + Hol (WRL)_20260524,0,0,0,0,0,0,0,20260524,20260704
214_1_20260524,0,0,0,0,0,0,0,20260524,20260704
4035_1_20260524,0,0,0,0,0,0,0,20260524,20260704
Rail SaSu + Hol_20260524,0,0,0,0,0,0,0,20260524,20260704
TuTh-XHol_20260524,0,0,0,0,0,0,0,20260524,20260704
103_20260524,0,0,0,0,0,0,0,20260524,20260704
24_5_20260524,0,0,0,0,0,0,0,20260524,20260704
602_5_20260524,0,0,0,0,0,0,0,20260524,20260704
429_20260524,0,0,0,0,0,0,0,20260524,20260704
414_20260524,0,0,0,0,0,0,0,20260524,20260704
49_1_20260524,0,0,0,0,0,0,0,20260524,20260704
720_1_20260524,0,0,0,0,0,0,0,20260524,20260704
214_3_20260524,0,0,0,0,0,0,0,20260524,20260704
409_20260524,0,0,0,0,0,0,0,20260524,20260704
3082_1_20260524,0,0,0,0,0,0,0,20260524,20260704
208_4_20260524,0,0,0,0,0,0,0,20260524,20260704
4023_1_20260524,0,0,0,0,0,0,0,20260524,20260704
504_2_20260524,0,0,0,0,0,0,0,20260524,20260704
2091_20260524,0,0,0,0,0,0,0,20260524,20260704
8082_1_20260524,0,0,0,0,0,0,0,20260524,20260704
3041_1_20260524,0,0,0,0,0,0,0,20260524,20260704
149_20260524,0,0,0,0,0,0,0,20260524,20260704
23_5_20260524,0,0,0,0,0,0,0,20260524,20260704
502_2_20260524,0,0,0,0,0,0,0,20260524,20260704
216_1_20260524,0,0,0,0,0,0,0,20260524,20260704
417_20260524,0,0,0,0,0,0,0,20260524,20260704
3292_1_20260524,0,0,0,0,0,0,0,20260524,20260704
4083_1_20260524,0,0,0,0,0,0,0,20260524,20260704
438_3_20260524,0,0,0,0,0,0,0,20260524,20260704
101_5_20260524,0,0,0,0,0,0,0,20260524,20260704
433_20260524,0,0,0,0,0,0,0,20260524,20260704
EBW MTuWThF-XHol_20260524,0,0,0,0,0,0,0,20260524,20260704
312_20260524,0,0,0,0,0,0,0,20260524,20260704
316_6_20260524,0,0,0,0,0,0,0,20260524,20260704
12_2_20260524,0,0,0,0,0,0,0,20260524,20260704
11_2_20260524,0,0,0,0,0,0,0,20260524,20260704
316_20260524,0,0,0,0,0,0,0,20260524,20260704
307_7_20260524,0,0,0,0,0,0,0,20260524,20260704
3231_2_20260524,0,0,0,0,0,0,0,20260524,20260704
29_2_20260524,0,0,0,0,0,0,0,20260524,20260704
202_6_20260524,0,0,0,0,0,0,0,20260524,20260704
112_1_20260524,0,0,0,0,0,0,0,20260524,20260704
403_2_20260524,0,0,0,0,0,0,0,20260524,20260704
91_1_20260524,0,0,0,0,0,0,0,20260524,20260704
215_4_20260524,0,0,0,0,0,0,0,20260524,20260704
216_2_20260524,0,0,0,0,0,0,0,20260524,20260704
507_1_20260524,0,0,0,0,0,0,0,20260524,20260704
313_1_20260524,0,0,0,0,0,0,0,20260524,20260704
5_5_20260524,0,0,0,0,0,0,0,20260524,20260704
1061_1_20260524,0,0,0,0,0,0,0,20260524,20260704
3161_1_20260524,0,0,0,0,0,0,0,20260524,20260704
210_4_20260524,0,0,0,0,0,0,0,20260524,20260704
306_4_20260524,0,0,0,0,0,0,0,20260524,20260704
111_20260524,0,0,0,0,0,0,0,20260524,20260704
4060_1_20260524,0,0,0,0,0,0,0,20260524,20260704
7012_1_20260524,0,0,0,0,0,0,0,20260524,20260704
401_3_20260524,0,0,0,0,0,0,0,20260524,20260704
2_7_20260524,0,0,0,0,0,0,0,20260524,20260704
3171_1_20260524,0,0,0,0,0,0,0,20260524,20260704
1002_20260524,0,0,0,0,0,0,0,20260524,20260704
751_1_20260524,0,0,0,0,0,0,0,20260524,20260704
40_4_20260524,0,0,0,0,0,0,0,20260524,20260704
207_5_20260524,0,0,0,0,0,0,0,20260524,20260704
4066_1_20260524,0,0,0,0,0,0,0,20260524,20260704
204_4_20260524,0,0,0,0,0,0,0,20260524,20260704
105_1_20260524,0,0,0,0,0,0,0,20260524,20260704
122_20260524,0,0,0,0,0,0,0,20260524,20260704
227_20260524,0,0,0,0,0,0,0,20260524,20260704
3071_1_20260524,0,0,0,0,0,0,0,20260524,20260704
110_3_20260524,0,0,0,0,0,0,0,20260524,20260704
42_1_20260524,0,0,0,0,0,0,0,20260524,20260704
55_20260524,0,0,0,0,0,0,0,20260524,20260704
306_7_20260524,0,0,0,0,0,0,0,20260524,20260704
308_20260524,0,0,0,0,0,0,0,20260524,20260704
147_20260524,0,0,0,0,0,0,0,20260524,20260704
56_1_20260524,0,0,0,0,0,0,0,20260524,20260704
4021_2_20260524,0,0,0,0,0,0,0,20260524,20260704
10_5_20260524,0,0,0,0,0,0,0,20260524,20260704
20_5_20260524,0,0,0,0,0,0,0,20260524,20260704
46_2_20260524,0,0,0,0,0,0,0,20260524,20260704
118_20260524,0,0,0,0,0,0,0,20260524,20260704
8052_1_20260524,0,0,0,0,0,0,0,20260524,20260704
7081_1_20260524,0,0,0,0,0,0,0,20260524,20260704
608_20260524,0,0,0,0,0,0,0,20260524,20260704
6062_1_20260524,0,0,0,0,0,0,0,20260524,20260704
3_6_20260524,0,0,0,0,0,0,0,20260524,20260704
220_1_20260524,0,0,0,0,0,0,0,20260524,20260704
41_4_20260524,0,0,0,0,0,0,0,20260524,20260704
7032_1_20260524,0,0,0,0,0,0,0,20260524,20260704
310_11_20260524,0,0,0,0,0,0,0,20260524,20260704
61_20260524,0,0,0,0,0,0,0,20260524,20260704
502_1_20260524,0,0,0,0,0,0,0,20260524,20260704
7_3_20260524,0,0,0,0,0,0,0,20260524,20260704
604_20260524,0,0,0,0,0,0,0,20260524,20260704
4005_1_20260524,0,0,0,0,0,0,0,20260524,20260704
4217_1_20260524,0,0,0,0,0,0,0,20260524,20260704
9_2_20260524,0,0,0,0,0,0,0,20260524,20260704
212_1_20260524,0,0,0,0,0,0,0,20260524,20260704
69_20260524,0,0,0,0,0,0,0,20260524,20260704
231_20260524,0,0,0,0,0,0,0,20260524,20260704
103_3_20260524,0,0,0,0,0,0,0,20260524,20260704
12_5_20260524,0,0,0,0,0,0,0,20260524,20260704
307_20260524,0,0,0,0,0,0,0,20260524,20260704
411_1_20260524,0,0,0,0,0,0,0,20260524,20260704
612_20260524,0,0,0,0,0,0,0,20260524,20260704
116_2_20260524,0,0,0,0,0,0,0,20260524,20260704
3221_1_20260524,0,0,0,0,0,0,0,20260524,20260704
2011_1_20260524,0,0,0,0,0,0,0,20260524,20260704
29_1_20260524,0,0,0,0,0,0,0,20260524,20260704
115_1_20260524,0,0,0,0,0,0,0,20260524,20260704
111_7_20260524,0,0,0,0,0,0,0,20260524,20260704
304_7_20260524,0,0,0,0,0,0,0,20260524,20260704
113_20260524,0,0,0,0,0,0,0,20260524,20260704
233_20260524,0,0,0,0,0,0,0,20260524,20260704
83_1_20260524,0,0,0,0,0,0,0,20260524,20260704
3251_1_20260524,0,0,0,0,0,0,0,20260524,20260704
34_2_20260524,0,0,0,0,0,0,0,20260524,20260704
Rail BRT - Sat Full (JVL)_20260524,0,0,0,0,0,0,0,20260524,20260704
47_5_20260524,0,0,0,0,0,0,0,20260524,20260704
39_5_20260524,0,0,0,0,0,0,0,20260524,20260704
4030_1_20260524,0,0,0,0,0,0,0,20260524,20260704
303_8_20260524,0,0,0,0,0,0,0,20260524,20260704
96_1_20260524,0,0,0,0,0,0,0,20260524,20260704
3022_1_20260524,0,0,0,0,0,0,0,20260524,20260704
225_20260524,0,0,0,0,0,0,0,20260524,20260704
4_5_20260524,0,0,0,0,0,0,0,20260524,20260704
4010_1_20260524,0,0,0,0,0,0,0,20260524,20260704
212_3_20260524,0,0,0,0,0,0,0,20260524,20260704
43_1_20260524,0,0,0,0,0,0,0,20260524,20260704
6101_1_20260524,0,0,0,0,0,0,0,20260524,20260704
142_20260524,0,0,0,0,0,0,0,20260524,20260704
207_2_20260524,0,0,0,0,0,0,0,20260524,20260704
603_5_20260524,0,0,0,0,0,0,0,20260524,20260704
17_1_20260524,0,0,0,0,0,0,0,20260524,20260704
3011_20260524,0,0,0,0,0,0,0,20260524,20260704
6043_1_20260524,0,0,0,0,0,0,0,20260524,20260704
Rail Sa_20260524,0,0,0,0,0,0,0,20260524,20260704
601_2_20260524,0,0,0,0,0,0,0,20260524,20260704
46_1_20260524,0,0,0,0,0,0,0,20260524,20260704
20_1_20260524,0,0,0,0,0,0,0,20260524,20260704
3181_1_20260524,0,0,0,0,0,0,0,20260524,20260704
201_20260524,0,0,0,0,0,0,0,20260524,20260704
602_2_20260524,0,0,0,0,0,0,0,20260524,20260704
4061_1_20260524,0,0,0,0,0,0,0,20260524,20260704
418_1_20260524,0,0,0,0,0,0,0,20260524,20260704
104_3_20260524,0,0,0,0,0,0,0,20260524,20260704
211_20260524,0,0,0,0,0,0,0,20260524,20260704
430_20260524,0,0,0,0,0,0,0,20260524,20260704
310_20260524,0,0,0,0,0,0,0,20260524,20260704
509_20260524,0,0,0,0,0,0,0,20260524,20260704
3132_20260524,0,0,0,0,0,0,0,20260524,20260704
503_2_20260524,0,0,0,0,0,0,0,20260524,20260704
63_1_20260524,0,0,0,0,0,0,0,20260524,20260704
7082_1_20260524,0,0,0,0,0,0,0,20260524,20260704
213_1_20260524,0,0,0,0,0,0,0,20260524,20260704
423_20260524,0,0,0,0,0,0,0,20260524,20260704
304_1_20260524,0,0,0,0,0,0,0,20260524,20260704
207_4_20260524,0,0,0,0,0,0,0,20260524,20260704
322_4_20260524,0,0,0,0,0,0,0,20260524,20260704
501_2_20260524,0,0,0,0,0,0,0,20260524,20260704
613_20260524,0,0,0,0,0,0,0,20260524,20260704
603_6_20260524,0,0,0,0,0,0,0,20260524,20260704
2_6_20260524,0,0,0,0,0,0,0,20260524,20260704
117_3_20260524,0,0,0,0,0,0,0,20260524,20260704
106_3_20260524,0,0,0,0,0,0,0,20260524,20260704
108_6_20260524,0,0,0,0,0,0,0,20260524,20260704
107_3_20260524,0,0,0,0,0,0,0,20260524,20260704
407_2_20260524,0,0,0,0,0,0,0,20260524,20260704
4009_1_20260524,0,0,0,0,0,0,0,20260524,20260704
116_20260524,0,0,0,0,0,0,0,20260524,20260704
3262_1_20260524,0,0,0,0,0,0,0,20260524,20260704
2041_1_20260524,0,0,0,0,0,0,0,20260524,20260704
310_6_20260524,0,0,0,0,0,0,0,20260524,20260704
152_1_20260524,0,0,0,0,0,0,0,20260524,20260704
609_20260524,0,0,0,0,0,0,0,20260524,20260704
409_1_20260524,0,0,0,0,0,0,0,20260524,20260704
513_1_20260524,0,0,0,0,0,0,0,20260524,20260704
14_5_20260524,0,0,0,0,0,0,0,20260524,20260704
4020_1_20260524,0,0,0,0,0,0,0,20260524,20260704
316_3_20260524,0,0,0,0,0,0,0,20260524,20260704
111_2_20260524,0,0,0,0,0,0,0,20260524,20260704
Rail BRT - Weekday PM (WEL-PET) (HVL)_20260524,0,0,0,0,0,0,0,20260524,20260704
303_6_20260524,0,0,0,0,0,0,0,20260524,20260704
38_3_20260524,0,0,0,0,0,0,0,20260524,20260704
405_1_20260524,0,0,0,0,0,0,0,20260524,20260704
98_20260524,0,0,0,0,0,0,0,20260524,20260704
1001_5_20260524,0,0,0,0,0,0,0,20260524,20260704
7061_1_20260524,0,0,0,0,0,0,0,20260524,20260704
5011_1_20260524,0,0,0,0,0,0,0,20260524,20260704
3021_1_20260524,0,0,0,0,0,0,0,20260524,20260704
41_2_20260524,0,0,0,0,0,0,0,20260524,20260704
3121_1_20260524,0,0,0,0,0,0,0,20260524,20260704
25_2_20260524,0,0,0,0,0,0,0,20260524,20260704
6071_1_20260524,0,0,0,0,0,0,0,20260524,20260704
6161_1_20260524,0,0,0,0,0,0,0,20260524,20260704
37_1_20260524,0,0,0,0,0,0,0,20260524,20260704
318_20260524,0,0,0,0,0,0,0,20260524,20260704
105_2_20260524,0,0,0,0,0,0,0,20260524,20260704
7042_1_20260524,0,0,0,0,0,0,0,20260524,20260704
3312_1_20260524,0,0,0,0,0,0,0,20260524,20260704
8071_1_20260524,0,0,0,0,0,0,0,20260524,20260704
21_5_20260524,0,0,0,0,0,0,0,20260524,20260704
118_1_20260524,0,0,0,0,0,0,0,20260524,20260704
416_1_20260524,0,0,0,0,0,0,0,20260524,20260704
214_2_20260524,0,0,0,0,0,0,0,20260524,20260704
705_1_20260524,0,0,0,0,0,0,0,20260524,20260704
402_20260524,0,0,0,0,0,0,0,20260524,20260704
4045_1_20260524,0,0,0,0,0,0,0,20260524,20260704
3112_1_20260524,0,0,0,0,0,0,0,20260524,20260704
414_2_20260524,0,0,0,0,0,0,0,20260524,20260704
48_1_20260524,0,0,0,0,0,0,0,20260524,20260704
528_20260524,0,0,0,0,0,0,0,20260524,20260704
6031_1_20260524,0,0,0,0,0,0,0,20260524,20260704
217_20260524,0,0,0,0,0,0,0,20260524,20260704
411_2_20260524,0,0,0,0,0,0,0,20260524,20260704
514_3_20260524,0,0,0,0,0,0,0,20260524,20260704
114_20260524,0,0,0,0,0,0,0,20260524,20260704
303_1_20260524,0,0,0,0,0,0,0,20260524,20260704
315_1_20260524,0,0,0,0,0,0,0,20260524,20260704
304_14_20260524,0,0,0,0,0,0,0,20260524,20260704
3201_20260524,0,0,0,0,0,0,0,20260524,20260704
1031_1_20260524,0,0,0,0,0,0,0,20260524,20260704
24_2_20260524,0,0,0,0,0,0,0,20260524,20260704
615_3_20260524,0,0,0,0,0,0,0,20260524,20260704
610_1_20260524,0,0,0,0,0,0,0,20260524,20260704
521_2_20260524,0,0,0,0,0,0,0,20260524,20260704
308_5_20260524,0,0,0,0,0,0,0,20260524,20260704
4111_1_20260524,0,0,0,0,0,0,0,20260524,20260704
404_1_20260524,0,0,0,0,0,0,0,20260524,20260704
714_1_20260524,0,0,0,0,0,0,0,20260524,20260704
115_2_20260524,0,0,0,0,0,0,0,20260524,20260704
302_5_20260524,0,0,0,0,0,0,0,20260524,20260704
14_4_20260524,0,0,0,0,0,0,0,20260524,20260704
302_8_20260524,0,0,0,0,0,0,0,20260524,20260704
406_20260524,0,0,0,0,0,0,0,20260524,20260704
305_6_20260524,0,0,0,0,0,0,0,20260524,20260704
40_2_20260524,0,0,0,0,0,0,0,20260524,20260704
302_4_20260524,0,0,0,0,0,0,0,20260524,20260704
301_9_20260524,0,0,0,0,0,0,0,20260524,20260704
136_20260524,0,0,0,0,0,0,0,20260524,20260704
718_1_20260524,0,0,0,0,0,0,0,20260524,20260704
2_5_20260524,0,0,0,0,0,0,0,20260524,20260704
Rail BRT - Weekday PM_20260524,0,0,0,0,0,0,0,20260524,20260704
408_3_20260524,0,0,0,0,0,0,0,20260524,20260704
3111_1_20260524,0,0,0,0,0,0,0,20260524,20260704
4024_1_20260524,0,0,0,0,0,0,0,20260524,20260704
105_20260524,0,0,0,0,0,0,0,20260524,20260704
223_20260524,0,0,0,0,0,0,0,20260524,20260704
1_5_20260524,0,0,0,0,0,0,0,20260524,20260704
419_1_20260524,0,0,0,0,0,0,0,20260524,20260704
7021_1_20260524,0,0,0,0,0,0,0,20260524,20260704
401_4_20260524,0,0,0,0,0,0,0,20260524,20260704
52_1_20260524,0,0,0,0,0,0,0,20260524,20260704
12_1_20260524,0,0,0,0,0,0,0,20260524,20260704
4012_1_20260524,0,0,0,0,0,0,0,20260524,20260704
92_20260524,0,0,0,0,0,0,0,20260524,20260704
324_2_20260524,0,0,0,0,0,0,0,20260524,20260704
4026_1_20260524,0,0,0,0,0,0,0,20260524,20260704
408_20260524,0,0,0,0,0,0,0,20260524,20260704
4053_1_20260524,0,0,0,0,0,0,0,20260524,20260704
101_2_20260524,0,0,0,0,0,0,0,20260524,20260704
1062_1_20260524,0,0,0,0,0,0,0,20260524,20260704
127_20260524,0,0,0,0,0,0,0,20260524,20260704
95_1_20260524,0,0,0,0,0,0,0,20260524,20260704
Rail BRT - Weekday PM (WLG-PAE)_20260524,0,0,0,0,0,0,0,20260524,20260704
130_20260524,0,0,0,0,0,0,0,20260524,20260704
Rail F-XHol_20260524,0,0,0,0,0,0,0,20260524,20260704
229_20260524,0,0,0,0,0,0,0,20260524,20260704
5022_1_20260524,0,0,0,0,0,0,0,20260524,20260704
4036_1_20260524,0,0,0,0,0,0,0,20260524,20260704
323_20260524,0,0,0,0,0,0,0,20260524,20260704
218_2_20260524,0,0,0,0,0,0,0,20260524,20260704
134_20260524,0,0,0,0,0,0,0,20260524,20260704
304_20260524,0,0,0,0,0,0,0,20260524,20260704
125_20260524,0,0,0,0,0,0,0,20260524,20260704
154_1_20260524,0,0,0,0,0,0,0,20260524,20260704
400_1_20260524,0,0,0,0,0,0,0,20260524,20260704
521_1_20260524,0,0,0,0,0,0,0,20260524,20260704
614_20260524,0,0,0,0,0,0,0,20260524,20260704
604_2_20260524,0,0,0,0,0,0,0,20260524,20260704
205_6_20260524,0,0,0,0,0,0,0,20260524,20260704
110_2_20260524,0,0,0,0,0,0,0,20260524,20260704
901_20260524,0,0,0,0,0,0,0,20260524,20260704
406_6_20260524,0,0,0,0,0,0,0,20260524,20260704
3291_1_20260524,0,0,0,0,0,0,0,20260524,20260704
6102_1_20260524,0,0,0,0,0,0,0,20260524,20260704
3191_1_20260524,0,0,0,0,0,0,0,20260524,20260704
104_2_20260524,0,0,0,0,0,0,0,20260524,20260704
203_2_20260524,0,0,0,0,0,0,0,20260524,20260704
10_1_20260524,0,0,0,0,0,0,0,20260524,20260704
420_20260524,0,0,0,0,0,0,0,20260524,20260704
517_20260524,0,0,0,0,0,0,0,20260524,20260704
7011_1_20260524,0,0,0,0,0,0,0,20260524,20260704
51_2_20260524,0,0,0,0,0,0,0,20260524,20260704
2112_1_20260524,0,0,0,0,0,0,0,20260524,20260704
209_20260524,0,0,0,0,0,0,0,20260524,20260704
801_20260524,0,0,0,0,0,0,0,20260524,20260704
412_7_20260524,0,0,0,0,0,0,0,20260524,20260704
300_5_20260524,0,0,0,0,0,0,0,20260524,20260704
4028_1_20260524,0,0,0,0,0,0,0,20260524,20260704
515_20260524,0,0,0,0,0,0,0,20260524,20260704
415_1_20260524,0,0,0,0,0,0,0,20260524,20260704
89_1_20260524,0,0,0,0,0,0,0,20260524,20260704
3031_1_20260524,0,0,0,0,0,0,0,20260524,20260704
325_3_20260524,0,0,0,0,0,0,0,20260524,20260704
211_3_20260524,0,0,0,0,0,0,0,20260524,20260704
8031_2_20260524,0,0,0,0,0,0,0,20260524,20260704
3302_1_20260524,0,0,0,0,0,0,0,20260524,20260704
35_2_20260524,0,0,0,0,0,0,0,20260524,20260704
413_20260524,0,0,0,0,0,0,0,20260524,20260704
153_1_20260524,0,0,0,0,0,0,0,20260524,20260704
46_20260524,0,0,0,0,0,0,0,20260524,20260704
9_4_20260524,0,0,0,0,0,0,0,20260524,20260704
2022_1_20260524,0,0,0,0,0,0,0,20260524,20260704
36_1_20260524,0,0,0,0,0,0,0,20260524,20260704
710_1_20260524,0,0,0,0,0,0,0,20260524,20260704
425_20260524,0,0,0,0,0,0,0,20260524,20260704
109_2_20260524,0,0,0,0,0,0,0,20260524,20260704
312_5_20260524,0,0,0,0,0,0,0,20260524,20260704
93_20260524,0,0,0,0,0,0,0,20260524,20260704
42_2_20260524,0,0,0,0,0,0,0,20260524,20260704
3212_1_20260524,0,0,0,0,0,0,0,20260524,20260704
4085_1_20260524,0,0,0,0,0,0,0,20260524,20260704
750_1_20260524,0,0,0,0,0,0,0,20260524,20260704
108_2_20260524,0,0,0,0,0,0,0,20260524,20260704
15_2_20260524,0,0,0,0,0,0,0,20260524,20260704
4117_1_20260524,0,0,0,0,0,0,0,20260524,20260704
102_1_20260524,0,0,0,0,0,0,0,20260524,20260704
14_2_20260524,0,0,0,0,0,0,0,20260524,20260704
4086_1_20260524,0,0,0,0,0,0,0,20260524,20260704
4032_1_20260524,0,0,0,0,0,0,0,20260524,20260704
7051_1_20260524,0,0,0,0,0,0,0,20260524,20260704
Rail BRT - Sun Full (HVL)_20260524,0,0,0,0,0,0,0,20260524,20260704
302_3_20260524,0,0,0,0,0,0,0,20260524,20260704
218_3_20260524,0,0,0,0,0,0,0,20260524,20260704
141_20260524,0,0,0,0,0,0,0,20260524,20260704
216_3_20260524,0,0,0,0,0,0,0,20260524,20260704
8022_1_20260524,0,0,0,0,0,0,0,20260524,20260704
207_20260524,0,0,0,0,0,0,0,20260524,20260704
103_5_20260524,0,0,0,0,0,0,0,20260524,20260704
76_2_20260524,0,0,0,0,0,0,0,20260524,20260704
602_1_20260524,0,0,0,0,0,0,0,20260524,20260704
3211_1_20260524,0,0,0,0,0,0,0,20260524,20260704
35_1_20260524,0,0,0,0,0,0,0,20260524,20260704
84_1_20260524,0,0,0,0,0,0,0,20260524,20260704
4034_1_20260524,0,0,0,0,0,0,0,20260524,20260704
75_20260524,0,0,0,0,0,0,0,20260524,20260704
26_20260524,0,0,0,0,0,0,0,20260524,20260704
41_5_20260524,0,0,0,0,0,0,0,20260524,20260704
3012_1_20260524,0,0,0,0,0,0,0,20260524,20260704
213_4_20260524,0,0,0,0,0,0,0,20260524,20260704
8041_1_20260524,0,0,0,0,0,0,0,20260524,20260704
73_1_20260524,0,0,0,0,0,0,0,20260524,20260704
4064_1_20260524,0,0,0,0,0,0,0,20260524,20260704
104_7_20260524,0,0,0,0,0,0,0,20260524,20260704
3142_1_20260524,0,0,0,0,0,0,0,20260524,20260704
6_5_20260524,0,0,0,0,0,0,0,20260524,20260704
39_2_20260524,0,0,0,0,0,0,0,20260524,20260704
140_20260524,0,0,0,0,0,0,0,20260524,20260704
304_15_20260524,0,0,0,0,0,0,0,20260524,20260704
4016_1_20260524,0,0,0,0,0,0,0,20260524,20260704
206_4_20260524,0,0,0,0,0,0,0,20260524,20260704
509_1_20260524,0,0,0,0,0,0,0,20260524,20260704
403_3_20260524,0,0,0,0,0,0,0,20260524,20260704
3281_1_20260524,0,0,0,0,0,0,0,20260524,20260704
4022_1_20260524,0,0,0,0,0,0,0,20260524,20260704
104_4_20260524,0,0,0,0,0,0,0,20260524,20260704
33_1_20260524,0,0,0,0,0,0,0,20260524,20260704
117_1_20260524,0,0,0,0,0,0,0,20260524,20260704
702_20260524,0,0,0,0,0,0,0,20260524,20260704
16_2_20260524,0,0,0,0,0,0,0,20260524,20260704
3092_1_20260524,0,0,0,0,0,0,0,20260524,20260704
113_1_20260524,0,0,0,0,0,0,0,20260524,20260704
32_3_20260524,0,0,0,0,0,0,0,20260524,20260704
45_2_20260524,0,0,0,0,0,0,0,20260524,20260704
212_4_20260524,0,0,0,0,0,0,0,20260524,20260704
3241_1_20260524,0,0,0,0,0,0,0,20260524,20260704
305_1_20260524,0,0,0,0,0,0,0,20260524,20260704
412_5_20260524,0,0,0,0,0,0,0,20260524,20260704
502_6_20260524,0,0,0,0,0,0,0,20260524,20260704
135_1_20260524,0,0,0,0,0,0,0,20260524,20260704
410_3_20260524,0,0,0,0,0,0,0,20260524,20260704
6082_1_20260524,0,0,0,0,0,0,0,20260524,20260704
32_2_20260524,0,0,0,0,0,0,0,20260524,20260704
102_3_20260524,0,0,0,0,0,0,0,20260524,20260704
721_1_20260524,0,0,0,0,0,0,0,20260524,20260704
303_20260524,0,0,0,0,0,0,0,20260524,20260704
202_3_20260524,0,0,0,0,0,0,0,20260524,20260704
110_20260524,0,0,0,0,0,0,0,20260524,20260704
2091_1_20260524,0,0,0,0,0,0,0,20260524,20260704
123_20260524,0,0,0,0,0,0,0,20260524,20260704
214_4_20260524,0,0,0,0,0,0,0,20260524,20260704
224_20260524,0,0,0,0,0,0,0,20260524,20260704
431_20260524,0,0,0,0,0,0,0,20260524,20260704
94_1_20260524,0,0,0,0,0,0,0,20260524,20260704
5012_1_20260524,0,0,0,0,0,0,0,20260524,20260704
3151_1_20260524,0,0,0,0,0,0,0,20260524,20260704
1_7_20260524,0,0,0,0,0,0,0,20260524,20260704
523_1_20260524,0,0,0,0,0,0,0,20260524,20260704
6072_1_20260524,0,0,0,0,0,0,0,20260524,20260704
215_6_20260524,0,0,0,0,0,0,0,20260524,20260704
139_20260524,0,0,0,0,0,0,0,20260524,20260704
101_20260524,0,0,0,0,0,0,0,20260524,20260704
520_1_20260524,0,0,0,0,0,0,0,20260524,20260704
611_2_20260524,0,0,0,0,0,0,0,20260524,20260704
91_2_20260524,0,0,0,0,0,0,0,20260524,20260704
111_3_20260524,0,0,0,0,0,0,0,20260524,20260704
409_2_20260524,0,0,0,0,0,0,0,20260524,20260704
317_3_20260524,0,0,0,0,0,0,0,20260524,20260704
1042_1_20260524,0,0,0,0,0,0,0,20260524,20260704
215_5_20260524,0,0,0,0,0,0,0,20260524,20260704
318_1_20260524,0,0,0,0,0,0,0,20260524,20260704
413_3_20260524,0,0,0,0,0,0,0,20260524,20260704
406_2_20260524,0,0,0,0,0,0,0,20260524,20260704
27_5_20260524,0,0,0,0,0,0,0,20260524,20260704
3032_1_20260524,0,0,0,0,0,0,0,20260524,20260704
603_20260524,0,0,0,0,0,0,0,20260524,20260704
112_2_20260524,0,0,0,0,0,0,0,20260524,20260704
128_20260524,0,0,0,0,0,0,0,20260524,20260704
320_20260524,0,0,0,0,0,0,0,20260524,20260704
213_20260524,0,0,0,0,0,0,0,20260524,20260704
26_2_20260524,0,0,0,0,0,0,0,20260524,20260704
1001_20260524,0,0,0,0,0,0,0,20260524,20260704
77_20260524,0,0,0,0,0,0,0,20260524,20260704
228_20260524,0,0,0,0,0,0,0,20260524,20260704
90_1_20260524,0,0,0,0,0,0,0,20260524,20260704
16_5_20260524,0,0,0,0,0,0,0,20260524,20260704
2031_1_20260524,0,0,0,0,0,0,0,20260524,20260704
2121_1_20260524,0,0,0,0,0,0,0,20260524,20260704
120_1_20260524,0,0,0,0,0,0,0,20260524,20260704
317_1_20260524,0,0,0,0,0,0,0,20260524,20260704
151_1_20260524,0,0,0,0,0,0,0,20260524,20260704
48_3_20260524,0,0,0,0,0,0,0,20260524,20260704
34_1_20260524,0,0,0,0,0,0,0,20260524,20260704
114_1_20260524,0,0,0,0,0,0,0,20260524,20260704
2131_1_20260524,0,0,0,0,0,0,0,20260524,20260704
58_1_20260524,0,0,0,0,0,0,0,20260524,20260704
80_20260524,0,0,0,0,0,0,0,20260524,20260704
4025_1_20260524,0,0,0,0,0,0,0,20260524,20260704
4031_1_20260524,0,0,0,0,0,0,0,20260524,20260704
121_20260524,0,0,0,0,0,0,0,20260524,20260704
2072_1_20260524,0,0,0,0,0,0,0,20260524,20260704
303_2_20260524,0,0,0,0,0,0,0,20260524,20260704
118_2_20260524,0,0,0,0,0,0,0,20260524,20260704
8_2_20260524,0,0,0,0,0,0,0,20260524,20260704
117_2_20260524,0,0,0,0,0,0,0,20260524,20260704
103_2_20260524,0,0,0,0,0,0,0,20260524,20260704
102_5_20260524,0,0,0,0,0,0,0,20260524,20260704
402_1_20260524,0,0,0,0,0,0,0,20260524,20260704
719_1_20260524,0,0,0,0,0,0,0,20260524,20260704
116_3_20260524,0,0,0,0,0,0,0,20260524,20260704
107_2_20260524,0,0,0,0,0,0,0,20260524,20260704
413_2_20260524,0,0,0,0,0,0,0,20260524,20260704
206_3_20260524,0,0,0,0,0,0,0,20260524,20260704
216_4_20260524,0,0,0,0,0,0,0,20260524,20260704
503_1_20260524,0,0,0,0,0,0,0,20260524,20260704
300_1_20260524,0,0,0,0,0,0,0,20260524,20260704
45_1_20260524,0,0,0,0,0,0,0,20260524,20260704
1032_1_20260524,0,0,0,0,0,0,0,20260524,20260704
701_2_20260524,0,0,0,0,0,0,0,20260524,20260704
22_5_20260524,0,0,0,0,0,0,0,20260524,20260704
